0.000000000000000000e+00
0.000000000000000000e+00
0.000000000000000000e+00
1.344714218718267781e-02
-4.710644820079053110e-04
-5.862067833890714178e-04
2.081233576092281212e-02
-4.776966664179508812e-04
-9.052017214770224484e-04
3.050286525088409528e-02
-4.913287810859222554e-04
-1.737544426404178180e-03
4.264778182957826291e-02
-5.193190716198361123e-04
-2.601482587363155522e-03
5.245569074631198370e-02
-5.419151234977790787e-04
-2.287310893545033402e-03
6.222784469360062576e-02
-5.625448723565135232e-04
-1.910778647547656250e-03
7.198160206895160007e-02
-5.790785649092483004e-04
-1.211387753521313455e-03
8.169915294092164326e-02
-5.869654422104996112e-04
-6.447238232612551067e-04
9.143575250141622313e-02
-5.886307358138486876e-04
2.802812207551124411e-04
1.012314175493336521e-01
-5.831383478884402498e-04
-7.761363753952630219e-05
1.110067626660437567e-01
-5.883402268420663116e-04
-1.441249105534567979e-03
1.126382183147715821e-01
-6.014648520052245234e-04
2.317638417811794874e-02
1.125021397283920005e-01
-6.081606144247343488e-04
5.071929234056384017e-02
1.123469255870426092e-01
-6.233278425312163609e-04
8.088019297726656287e-02
1.117742489227890462e-01
-6.821980217573003508e-04
1.125861041335230323e-01
1.114187115001437356e-01
-7.336916744326029381e-04
1.405181459983214365e-01
1.110771330553503855e-01
-7.911261850996374008e-04
1.677783049030172613e-01
1.107427504242743665e-01
-8.573799225841866913e-04
1.950574214436522624e-01
1.105985492208321208e-01
-8.931037011136206284e-04
2.226154799155204145e-01
