2.604214009858639489e+00 -1.225449928789209109e+00
2.557639114118228640e+00 -1.179087619625857064e+00
2.513018307585199285e+00 -1.134671114708788009e+00
2.470227935574605738e+00 -1.092076189502224848e+00
2.429151985398207092e+00 -1.051187777807158774e+00
2.389684555040870073e+00 -1.011900534252245798e+00
2.365403857307823543e+00 -9.797822078057766282e-01
2.365354258406590304e+00 -9.580669595806576844e-01
2.365304796368544071e+00 -9.364902675375852414e-01
2.365255787977156299e+00 -9.150483025452245123e-01
2.365207017100884546e+00 -8.937371045434895356e-01
2.365158623903808710e+00 -8.725529315608785419e-01
2.365110439614020343e+00 -8.514920013125392151e-01
2.365062434358640608e+00 -8.305506593688707362e-01
2.365014947023031056e+00 -8.097254489202785344e-01
2.364967561534210283e+00 -7.890127170816739754e-01
2.364920459419636245e+00 -7.684090848250649808e-01
2.364873520378838023e+00 -7.479111339860253782e-01
2.364826776132001651e+00 -7.275155575784297834e-01
2.364780414173074163e+00 -7.072191520301527312e-01
2.364734323423873352e+00 -6.870186763042874789e-01
2.364688321908917423e+00 -6.669109266947612635e-01
2.364642387664058099e+00 -6.468928008426575449e-01
7.675228105916519494e-01 -2.035049355242201374e-01
7.740130997087919518e-01 -1.987327355757684544e-01
7.998098013450899435e-01 -1.986737345149447720e-01
8.272742362310251396e-01 -1.986109174899912955e-01
8.565773149426177957e-01 -1.985439042814827193e-01
8.879139721609494718e-01 -1.984722284196369646e-01
9.215079261892396012e-01 -1.983954043920628518e-01
9.576166963767184237e-01 -1.983128203012572421e-01
9.965386871868370244e-01 -1.982238027526809498e-01
1.038621359079697770e+00 -1.981275507454617335e-01
1.084271953798144450e+00 -1.980231471434841517e-01
1.133970670895332322e+00 -1.979094873039856095e-01
1.188287950566806250e+00 -1.977852648717478845e-01
1.247906647398945967e+00 -1.976489109739347771e-01
1.313651353571172686e+00 -1.974985557173755957e-01
1.386526670174206055e+00 -1.973318721012376487e-01
1.467770127300382477e+00 -1.971460737097461835e-01
1.558922409637459872e+00 -1.969375913113176613e-01
1.661927956788694871e+00 -1.967020208022519090e-01
1.779274805776562385e+00 -1.964336433494012768e-01
1.914200100597871490e+00 -1.961250618160890469e-01
2.363673780981069950e+00 -2.234327900354367291e-01
2.363630998037525188e+00 -2.047124631238751991e-01
5.538548353325237983e+00 -4.350014105661001440e-02
5.494848251342758338e+00 4.093980976449525702e-07
5.451832462233642040e+00 4.281988089900591599e-02
5.409479747261062066e+00 8.497930603585709952e-02
5.367769480429332773e+00 1.264989054753671016e-01
5.326682617856426383e+00 1.673981509719248140e-01
5.256297530981754562e+00 2.065208953413983084e-01
4.496587191864978017e+00 2.120540157156706740e-01
3.631260191782857749e+00 1.998406218173772175e-01
3.962598948652162001e+00 2.493059036033228593e-01
3.962527601350415374e+00 2.805623128090429796e-01
3.962455832641953890e+00 3.118523504408994285e-01
3.962384360157063856e+00 3.431799925363198112e-01
3.962312397615679771e+00 3.745491146749148070e-01
3.962240742891482981e+00 4.059637508289509200e-01
3.962168690502190671e+00 4.374278173430318217e-01
3.962096641558821464e+00 4.689453641896635938e-01
3.962024205803481358e+00 5.005203812845815392e-01
3.961951858630400558e+00 5.321569916151102086e-01
3.961879519481946055e+00 5.638592856343043191e-01
3.961806553759000593e+00 5.956313015032443925e-01
3.961733894532466049e+00 6.274773410575742449e-01
3.961660974468124152e+00 6.594015244484657812e-01
3.961587613024622812e+00 6.914080613594117963e-01
3.961514012858358136e+00 7.235012682366778192e-01
3.961440755809418679e+00 7.556855854345738699e-01
3.961366927770744173e+00 7.879652221623528741e-01
3.961292463391004048e+00 8.203445835145470877e-01
3.961218138096550767e+00 8.528283058739315470e-01
3.961143697852866463e+00 8.854208760482148444e-01
3.961068795166236001e+00 9.181268085839116022e-01
3.960993915645429908e+00 9.509508669965162087e-01
3.960918517277549178e+00 9.838976389230393860e-01
5.160143634405460311e+00 1.324900179603153871e+00
5.160044289591893651e+00 1.368161437818741222e+00
5.159945032182742253e+00 1.411601714365331661e+00
5.159845446754502518e+00 1.455227413856342578e+00
5.159744980516270729e+00 1.499044989149764806e+00
5.159644312522791765e+00 1.543061349111970459e+00
5.159543057286167134e+00 1.587283209191239219e+00
5.159441592389496734e+00 1.631717628385289220e+00
5.159339231543044413e+00 1.676371453222962993e+00
5.159236495892331575e+00 1.721252034245924989e+00
5.159133290064258581e+00 1.766366659067737377e+00
4.176168801528666208e+00 1.578043134406115211e+00
4.138125678142101194e+00 1.600920531946342651e+00
4.100544108061741966e+00 1.623520709268498008e+00
4.063411478757211093e+00 1.645851539709235034e+00
4.026716452821928804e+00 1.667921013566839417e+00
3.990445441983253794e+00 1.689735802943928000e+00
3.954586152530662702e+00 1.711302690947167138e+00
3.919127571764081885e+00 1.732628624129726846e+00
3.884111669526006505e+00 1.753744115358271571e+00
3.985393696154102106e+00 1.837292127041691758e+00
5.157622517329624401e+00 2.426993544807733549e+00
5.157509217618713393e+00 2.476601269608809552e+00
5.157394842715175010e+00 2.526582289563277683e+00
5.157279813832030158e+00 2.576947289365346450e+00
1.954775387760322669e+00 9.960080513691081938e-01
1.917231308481599505e+00 9.959221606506192259e-01
1.880811841908399007e+00 9.958388489623924977e-01
1.845462949432159494e+00 9.957580156172675112e-01
1.811133935070258216e+00 9.956795433777325677e-01
1.777776996989860470e+00 9.956031910278319019e-01
1.745347615590794765e+00 9.955289378624097019e-01
1.713804000157547414e+00 9.954568079179418882e-01
1.683106444257897572e+00 9.953866081616242756e-01
1.653217615220747172e+00 9.953181902170840090e-01
1.624102629814855314e+00 9.952516013219721014e-01
1.595728214586861204e+00 9.951866715130577301e-01
1.577437797555593102e+00 1.001072696361127612e+00
1.960265964202234645e+00 1.265727989177707347e+00
1.960215846913319737e+00 1.287621433952048422e+00
1.960165153840393026e+00 1.309740779921156451e+00
1.960114075461650840e+00 1.332092451771157426e+00
1.960062438434352794e+00 1.354682823091748256e+00
1.960010098930820899e+00 1.377518479901823412e+00
1.959957323206210189e+00 1.400606502597963710e+00
1.959903804701021990e+00 1.423953784997921579e+00
1.959849823409707037e+00 1.447567865786516972e+00
1.959795268134503443e+00 1.471456239583808889e+00
1.959739829163337665e+00 1.495626490522729668e+00
1.959683937875946746e+00 1.520087019335417899e+00
1.959627237754448359e+00 1.544845895805016633e+00
1.959569901539320202e+00 1.569911876170331899e+00
1.959511865731042635e+00 1.595293826291288131e+00
1.959453011498339947e+00 1.621000869344003670e+00
1.959393520960313939e+00 1.647042695507674903e+00
1.959333131068940137e+00 1.673428959562427432e+00
1.959272037034657021e+00 1.700170050286655465e+00
1.959209970602693751e+00 1.727276325539009338e+00
1.959147091019504572e+00 1.754758895402326546e+00
1.959083251522159674e+00 1.782629002987604627e+00
2.558201454581845891e+00 2.364777636282402007e+00
2.533835291123496702e+00 2.379430258383528507e+00
1.061718618851771545e+00 1.012829420830883009e+00
1.055817289730642594e+00 1.023158367748129516e+00
1.055780324204925291e+00 1.039325304802930061e+00
1.055742693272646804e+00 1.055742936068055693e+00
1.055704564702285131e+00 1.072419400506531728e+00
1.055665793987716317e+00 1.089362845004677727e+00
1.055626419044137343e+00 1.106581934407616208e+00
1.055586396126054316e+00 1.124085602663817518e+00
1.055545671439927169e+00 1.141883142191857603e+00
1.055504248536270673e+00 1.159984296839236873e+00
1.055462092312139166e+00 1.178399180720643313e+00
1.055419273496762234e+00 1.197138461211790350e+00
1.055375635761841124e+00 1.216213008825151043e+00
1.055331176363815127e+00 1.235634347787802234e+00
1.055285945136611447e+00 1.255414577125865350e+00
1.055239795488083221e+00 1.275566103889464342e+00
1.055192825535191670e+00 1.296102197224533903e+00
1.055144973096296512e+00 1.317036540014579815e+00
1.055096075034457792e+00 1.338383324004556618e+00
1.055046287402542582e+00 1.360157819033971371e+00
1.054995466208607402e+00 1.382375635707196126e+00
1.054943585522495786e+00 1.405053294618181070e+00
1.054890632772881087e+00 1.428208144239073718e+00
1.054836508183750299e+00 1.451858274711889774e+00
1.054781205694491408e+00 1.476022815619177253e+00
1.054724705709446209e+00 1.500721852762615161e+00
1.054666939817906934e+00 1.525976438907862054e+00
1.054607822182324073e+00 1.551808702319459776e+00
1.054547342174231295e+00 1.578242056741376187e+00
1.054485450928686729e+00 1.605301117763766605e+00
1.054422016795860673e+00 1.633011715168073419e+00
1.054357099775763196e+00 1.661401407511055028e+00
1.054290507889084294e+00 1.690498897984566984e+00
1.054222315867999527e+00 1.720334955687377709e+00
1.054152233602902555e+00 1.750941523875359840e+00
1.054080412930500366e+00 1.782353160490248278e+00
1.054006629595582778e+00 1.814605837357879281e+00
1.053930762973692481e+00 1.847737877974938936e+00
1.053852940244702552e+00 1.881790398944389819e+00
1.053772741288639736e+00 1.916806088837939015e+00
1.053690386496045184e+00 1.952831519359154777e+00
1.053605472498768902e+00 1.989915088627248529e+00
1.053518114028772601e+00 2.028109351912214198e+00
1.053428135513808206e+00 2.067469796027896489e+00
1.053335280602300861e+00 2.108055499144038780e+00
1.053239390771042006e+00 2.149929803004849038e+00
1.008156595365491848e+00 2.870810927986131578e+00
9.828780078207915993e-01 2.870753039600285828e+00
9.577360252512342464e-01 2.870695483168228535e+00
9.327265355651742640e-01 2.870638463605845736e+00
9.078452512669054064e-01 2.870581413175969043e+00
8.830882985290111620e-01 2.870524807231903175e+00
8.584516274251322576e-01 2.870468351945515639e+00
8.339314392670581499e-01 2.870412350910588994e+00
8.095238374229871692e-01 2.870356566812153343e+00
7.852250353580777498e-01 2.870300907189057948e+00
7.610314100220457734e-01 2.870245658494138485e+00
7.369392478275993419e-01 2.870190568154405319e+00
7.129449364105525655e-01 2.870135534922842346e+00
6.890450124239455576e-01 2.870080844008664034e+00
6.652359829863969676e-01 2.870026475545013334e+00
6.415143359071102669e-01 2.869972103190635782e+00
6.178767506681916988e-01 2.869918025272997664e+00
5.943198786821215496e-01 2.869864237728364742e+00
5.708403534929076262e-01 2.869810432817825774e+00
5.474349797104567372e-01 2.869756934854962527e+00
2.305539426966620731e-01 1.262394280811367064e+00
2.181477257891598909e-01 1.249931191224680438e+00
2.060170435257643595e-01 1.237744849056031660e+00
1.941513912427170196e-01 1.225824809754138212e+00
1.825407405214534151e-01 1.214160893746939252e+00
1.711755910182689300e-01 1.202743669617279743e+00
1.600468570151366843e-01 1.191563876628176644e+00
1.491459309835529712e-01 1.180613025476532574e+00
1.384645649780289756e-01 1.169882699953428640e+00
1.279949161074485087e-01 1.159365038826478012e+00
1.177294966259084391e-01 1.149052508382167437e+00
1.076611686846151716e-01 1.138938029279553454e+00
9.778310248747394684e-02 1.129014747205404401e+00
8.808875485165679198e-02 1.119275920922452094e+00
7.857189534902049577e-02 1.109715404151402351e+00
6.922655004121811007e-02 1.100327176962264009e+00
6.004700682115524796e-02 1.091105589378859042e+00
5.102778136409172327e-02 1.082045009971468685e+00
4.216362789764416252e-02 1.073140188003931073e+00
3.344951807380079634e-02 1.064386139481490190e+00
2.488062536984038398e-02 1.055778032619530737e+00
1.645231502969231666e-02 1.047311072886343286e+00
8.160143299015461607e-03 1.038980864595708820e+00
-1.602559624402374568e-07 1.030783176422106706e+00
-8.032700192597287334e-03 1.022713825736766280e+00
-1.594142081932529986e-02 1.014768801189942726e+00
-2.373011749307347984e-02 1.006944385083317961e+00
-3.151306905767228828e-02 1.002757099304580457e+00
