2.336990050196004365e+00 -1.561526679347256419e+00
2.297724435892487982e+00 -1.509322698763573056e+00
2.260138594543380286e+00 -1.459352860957714881e+00
2.224125143083116374e+00 -1.411472594440429829e+00
2.189581790569674169e+00 -1.365547009257244593e+00
2.156416722863368829e+00 -1.321453730384167358e+00
2.144327057234686862e+00 -1.290989756258762888e+00
2.147308136512806609e+00 -1.269914355722593813e+00
2.150270033544201542e+00 -1.248976084290553956e+00
2.153212782480653065e+00 -1.228170751196993482e+00
2.156137559900636713e+00 -1.207494915417389736e+00
2.159044415191589295e+00 -1.186944574907742744e+00
2.161933927330929262e+00 -1.166516114792820469e+00
2.164806797965024732e+00 -1.146206061166604506e+00
2.167663433490974789e+00 -1.126010854460619770e+00
2.170504366413447350e+00 -1.105927075634353329e+00
2.173329833935778943e+00 -1.085951226118199830e+00
2.176140631047918106e+00 -1.066080157119001726e+00
2.178937049131030701e+00 -1.046310529728624150e+00
2.181719731415503460e+00 -1.026639239087062450e+00
2.184488599165701483e+00 -1.007062899637468645e+00
2.187244796300912508e+00 -9.875787548657208870e-01
6.728708439944403041e-01 -2.974730456060787342e-01
6.848361441848032083e-01 -2.963550197332077141e-01
7.074054610930398113e-01 -2.995474706077935756e-01
7.313477799600209828e-01 -3.029341227753956090e-01
7.567955605485591208e-01 -3.065337122936212522e-01
7.838989609982353057e-01 -3.103675047861731429e-01
8.128285720648116275e-01 -3.144596068251320764e-01
8.437794083262699640e-01 -3.188376154047126154e-01
8.769752275099439442e-01 -3.235331862888157217e-01
9.126739636545154744e-01 -3.285827870198134715e-01
9.511747956818340510e-01 -3.340287521596996267e-01
9.928263670781836137e-01 -3.399203784289836494e-01
1.038037863921827508e+00 -3.463155642250319577e-01
1.087292310852574717e+00 -3.532826172617193894e-01
1.141164551668843785e+00 -3.609028840436995234e-01
1.200343235178104928e+00 -3.692737188363730549e-01
1.265661815389057088e+00 -3.785130621311386667e-01
1.338137421592341170e+00 -3.887647720038677202e-01
1.419025020850928298e+00 -4.002063540005071918e-01
1.509891420855596467e+00 -4.130594525840583509e-01
1.612717972487701212e+00 -4.276043167458016270e-01
1.730047867344453483e+00 -4.442006801742014455e-01
2.247953091074903043e+00 -5.583943018292275573e-01
2.250512516870013080e+00 -5.403001039106939407e-01
2.253068174527927070e+00 -5.222330129220089656e-01
5.413133132834399674e+00 -8.138277882745275082e-01
5.376554874111749704e+00 -7.651967045323432304e-01
5.340547865216197287e+00 -7.173248886205655372e-01
5.305094355523380933e+00 -6.701889058731358428e-01
5.270177093829700787e+00 -6.237661988340004182e-01
5.235779822703742425e+00 -5.780351090286461879e-01
5.115058723185598843e+00 -5.240785474644837905e-01
3.582267824780793308e+00 -3.102577646803396094e-01
3.899457599137425845e+00 -3.068936922941880585e-01
3.903770805402713151e+00 -2.764015192930544540e-01
3.908088641747579306e+00 -2.458758168722015303e-01
3.912411659328717484e+00 -2.153127603352862074e-01
3.916740811334105121e+00 -1.847085249096063753e-01
3.921076023927478449e+00 -1.540592119203357535e-01
3.925418338896652148e+00 -1.233609546569684468e-01
3.929768007984838274e+00 -9.260982771051987084e-02
3.934125921815939009e+00 -6.180189857972104989e-02
3.938492179353846545e+00 -3.093318942487655737e-02
3.942867755889881476e+00 2.937665399826980401e-07
3.947253072050448175e+00 3.100258630364930920e-02
3.951648708232288421e+00 6.207775620069529154e-02
3.956055165421061393e+00 9.322990680775471162e-02
3.960473102713713889e+00 1.244631831725528659e-01
3.964903097988189629e+00 1.557817708971024340e-01
3.969345885159748288e+00 1.871899062105127076e-01
3.973801876703244584e+00 2.186918579440986221e-01
3.978271639084978606e+00 2.502919469301595479e-01
3.982755891284220695e+00 2.819945541405775025e-01
3.987255503109643051e+00 3.138041287955750658e-01
3.991770780723070455e+00 3.457251347218980864e-01
3.996302416522662160e+00 3.777621201656112815e-01
4.000850774838106361e+00 4.099196622451861671e-01
5.236591151832286961e+00 5.781254703654480354e-01
5.242585242011111646e+00 6.205012820290536357e-01
5.248604113182280706e+00 6.630533271588296973e-01
5.254648748997698959e+00 7.057879979458822062e-01
5.260720475274566432e+00 7.487118360171507447e-01
5.266820012307914745e+00 7.918314072497563139e-01
5.272947475560584074e+00 8.351532812608218892e-01
5.279105199011653760e+00 8.786844806727706070e-01
5.285293020520114737e+00 9.224317516088542668e-01
5.291512986110019412e+00 9.664023259579802572e-01
5.297765115787406387e+00 1.010603207216377530e+00
5.304051156363749797e+00 1.055041838837334156e+00
4.317106913825185188e+00 9.649881138381469770e-01
4.283058764470622393e+00 9.927601053532653097e-01
4.249421879831601245e+00 1.020196321155257602e+00
4.216185326837276648e+00 1.047306267534228175e+00
4.183340374256507843e+00 1.074099638668714496e+00
4.150873563549091649e+00 1.100584573346420347e+00
4.118775043162259841e+00 1.126769738001170307e+00
4.087033489730636404e+00 1.152663047174395938e+00
4.055652157466901109e+00 1.178276265075581586e+00
4.032145082321481055e+00 1.205867469476792353e+00
4.257661181132442074e+00 1.309828027056240574e+00
5.396214335027276654e+00 1.706599037771352245e+00
5.403143961264415651e+00 1.755588436391447349e+00
5.410126899143868684e+00 1.804955430535921224e+00
5.417164887034539689e+00 1.854710647146524227e+00
5.424258972629285580e+00 1.904864729248755717e+00
2.002938310408049816e+00 7.211023719051669056e-01
1.968020746752705330e+00 7.260413921495078027e-01
1.934107294102017427e+00 7.308384506740411846e-01
1.901151069573136398e+00 7.355000834527258835e-01
1.869108245750553676e+00 7.400325090698539610e-01
1.837937702271141838e+00 7.444416134045563904e-01
1.807600460754952065e+00 7.487328268454103153e-01
1.778059896547279362e+00 7.529113004190078895e-01
1.749281725296999213e+00 7.569819971704982997e-01
1.721233224201389911e+00 7.609494456216567837e-01
1.693883662302546389e+00 7.648179963958470218e-01
1.667204178761974909e+00 7.685918494743221308e-01
1.645214495205422622e+00 7.741793716526242930e-01
2.063088109052521268e+00 9.906810467230552364e-01
2.066130223867094440e+00 1.012187003468934865e+00
2.069204678087171345e+00 1.033923226743984847e+00
2.072312802304293822e+00 1.055896369973852833e+00
2.075455340024738859e+00 1.078112983773622524e+00
2.078633296445509426e+00 1.100579942779844389e+00
2.081847717359470273e+00 1.123304346203786830e+00
2.085099473085852306e+00 1.146293408266758407e+00
2.088389879778225211e+00 1.169554804645326351e+00
2.091719854507056997e+00 1.193096221326803930e+00
2.095090535378000940e+00 1.216925702387643637e+00
2.098503063979102912e+00 1.241051541450144180e+00
2.101958781768792139e+00 1.265482409163459776e+00
2.105459013923471456e+00 1.290227240974293643e+00
2.109004858770591628e+00 1.315295115057028008e+00
2.112597788288098410e+00 1.340695631564887469e+00
2.116239028727511684e+00 1.366438544241497688e+00
2.119930354039107012e+00 1.392534279653241391e+00
2.123672872162815750e+00 1.418993169241090202e+00
2.127468411809846138e+00 1.445826367062846174e+00
2.131318511626478340e+00 1.473045205919118583e+00
2.135225001137529777e+00 1.500661603437561276e+00
2.797103941733961374e+00 1.998840445579845193e+00
2.775463577045787833e+00 2.016492776930502107e+00
2.753913487526725934e+00 2.034072520293506159e+00
2.732449850647291179e+00 2.051581839929648599e+00
1.131373437701329809e+00 8.634371047213350581e-01
1.133290843721001639e+00 8.790706844998542602e-01
1.135574441166917525e+00 8.952149067023782436e-01
1.137895952680009870e+00 9.116267649116349681e-01
1.140256463911957008e+00 9.283149181588867815e-01
1.142657379796060635e+00 9.452886061275804774e-01
1.145100038546130294e+00 9.625573596816854316e-01
1.147585883623017278e+00 9.801311582947067613e-01
1.150116268125498831e+00 9.980202832751607911e-01
1.152692892257097812e+00 1.016235714031352266e+00
1.155317156465355266e+00 1.034788590714509349e+00
1.157990951167927163e+00 1.053690930768390599e+00
1.160715836704180548e+00 1.072954926126223674e+00
1.163493734403767466e+00 1.092593589953689381e+00
1.166326465524146094e+00 1.112620366264363225e+00
1.169216165183588396e+00 1.133049548202760493e+00
1.172164911953424316e+00 1.153895963455016993e+00
1.175174878514278598e+00 1.175175148776215650e+00
1.178248306878473262e+00 1.196903362132174076e+00
1.181387732142235247e+00 1.219097851109367969e+00
1.184595617760937358e+00 1.241776528650780698e+00
1.187874741026718528e+00 1.264958414637139317e+00
1.191227748562009081e+00 1.288663220738272663e+00
1.194657774889048563e+00 1.312912061595155055e+00
1.198167834407486643e+00 1.337726863632401120e+00
1.201761187982451240e+00 1.363130819620927081e+00
1.205441453735144774e+00 1.389148591014680800e+00
1.209212089340030438e+00 1.415805791407514169e+00
1.213077049884486280e+00 1.443129815781519110e+00
1.217040494763078629e+00 1.471149599189066848e+00
1.221106581948045333e+00 1.499895455700687164e+00
1.225279941134398198e+00 1.529399746354703105e+00
1.229565451365937534e+00 1.559696727927418980e+00
1.233968172663414853e+00 1.590822581461614371e+00
1.238493710774984491e+00 1.622816007830503615e+00
1.243147623786204248e+00 1.655717602787701637e+00
1.247936133961937033e+00 1.689570932419489857e+00
1.252865878181307124e+00 1.724422389848537351e+00
1.257943804766481710e+00 1.760321236838491732e+00
1.263177343327718249e+00 1.797320033165838771e+00
1.268574283937247138e+00 1.835474684194499329e+00
1.274143325025564488e+00 1.874845471642152539e+00
1.279893381284733955e+00 1.915496328807543946e+00
1.285834236162801458e+00 1.957496079963136237e+00
1.291976360608311891e+00 2.000918511740494843e+00
1.353422292187289155e+00 2.708624080338539297e+00
1.328656833570825313e+00 2.712126938557441580e+00
1.304017992450416052e+00 2.715612263566400397e+00
1.279501481009869490e+00 2.719079992142734437e+00
1.255103561176016402e+00 2.722531040520501655e+00
1.230820415063490714e+00 2.725966021360132885e+00
1.206648154907699499e+00 2.729385240593665163e+00
1.182583022449002819e+00 2.732789132110145847e+00
1.158621474766210024e+00 2.736178481959399722e+00
1.134759894688307735e+00 2.739553775632962207e+00
1.110994600730037751e+00 2.742915195119883798e+00
1.087322295937205530e+00 2.746263724564148578e+00
1.063739432199699131e+00 2.749599608317697008e+00
1.040242574713596380e+00 2.752923233400508263e+00
1.016828394484856624e+00 2.756235133585860364e+00
9.934935799806828838e-01 2.759535768972372072e+00
9.702349172735065252e-01 2.762825751502139493e+00
9.470491278755512887e-01 2.766105397482093053e+00
9.239330295942291826e-01 2.769375177372417340e+00
9.008834550792803597e-01 2.772635492577349314e+00
8.778973247738283137e-01 2.775886903253470539e+00
8.549714988168694019e-01 2.779129675841174762e+00
8.321029919380764639e-01 2.782364465988192759e+00
3.587265513813695517e-01 1.234745538062028247e+00
3.454090070063952078e-01 1.224728619052173784e+00
3.323632919024160914e-01 1.214916253693837156e+00
3.195795342413346729e-01 1.205300804434862982e+00
3.070484491697429985e-01 1.195875461065962098e+00
2.947611289663013001e-01 1.186633563623461285e+00
2.827089769089836113e-01 1.177568380041530194e+00
2.708839479937681927e-01 1.168674158382335682e+00
2.592782201407511922e-01 1.159944863456057185e+00
2.478843519540010198e-01 1.151374880324537386e+00
2.366952382221146345e-01 1.142958907786365108e+00
2.257040707250812239e-01 1.134691850239592625e+00
2.149043043870463299e-01 1.126568708070314395e+00
2.042896930630794528e-01 1.118584818524879232e+00
1.938542526647250575e-01 1.110735746066762175e+00
1.835922296745213511e-01 1.103017171382387085e+00
1.734980750824704765e-01 1.095424779185848463e+00
1.635664946667582942e-01 1.087954616510963923e+00
1.537924153324469190e-01 1.080602981277339669e+00
1.441709410206312991e-01 1.073366191523701385e+00
1.346973345969968983e-01 1.066240471151182811e+00
1.253671173396226357e-01 1.059222781958172765e+00
1.161758938401114827e-01 1.052309527353199936e+00
1.071194812184569495e-01 1.045497620547688911e+00
9.819385339852546024e-02 1.038784133996341064e+00
8.939512263649165846e-02 1.032166184313529245e+00
8.071951722980647004e-02 1.025640697679904845e+00
7.216344615204213497e-02 1.019205244519657771e+00
6.372340465408689314e-02 1.012856973339092859e+00
5.539604160975541980e-02 1.006593564436808252e+00
