2.401521007850093703e+00 -1.524051422239011133e+00
2.359817750167644057e+00 -1.471715779247135147e+00
2.319923734829205664e+00 -1.421650945799619148e+00
2.281719353596613153e+00 -1.373706637806138886e+00
2.245095834767564913e+00 -1.327745833057027980e+00
2.209952172958085104e+00 -1.283642225577177109e+00
2.179156557341577649e+00 -1.242968817472226428e+00
2.180334984734383585e+00 -1.221046122908200582e+00
2.182719068746050262e+00 -1.199959824340114389e+00
2.185087944668288262e+00 -1.179009343195765558e+00
2.187441695561903376e+00 -1.158190621102306750e+00
2.189781150597096548e+00 -1.137500087130506321e+00
2.192106416421381265e+00 -1.116933868508241057e+00
2.194418144924963787e+00 -1.096488456509039811e+00
2.196716476340839996e+00 -1.076160158415688128e+00
2.199002106493811226e+00 -1.055945631764572568e+00
2.201275005580799249e+00 -1.035841251380443806e+00
2.203536139165610752e+00 -1.015843934645202618e+00
2.205785315782602840e+00 -9.959501192302665507e-01
2.208023348910331141e+00 -9.761567709941028070e-01
2.210250326418491174e+00 -9.564605850072125381e-01
2.212466478210429965e+00 -9.368583843393628596e-01
6.802624745444956211e-01 -2.817738996820661201e-01
6.828507901341691610e-01 -2.765830014789426028e-01
7.048517955777398036e-01 -2.790705230160515082e-01
7.281674725709440521e-01 -2.817067029839243064e-01
7.529222919532666536e-01 -2.845055778590471762e-01
7.792572320652290108e-01 -2.874831207541810874e-01
8.073321151958289255e-01 -2.906573946729394953e-01
8.373290344270444274e-01 -2.940489737391108749e-01
8.694564936169619784e-01 -2.976814376995097766e-01
9.039543253297805947e-01 -3.015819201695483232e-01
9.410995648699250760e-01 -3.057817240705129613e-01
9.812143131593736856e-01 -3.103172763001660339e-01
1.024674987545676208e+00 -3.152311206997904236e-01
1.071924571402862014e+00 -3.205733529778524438e-01
1.123487840815820649e+00 -3.264033179523032069e-01
1.179991089410249883e+00 -3.327918286900822809e-01
1.242187835928374451e+00 -3.398240565036114713e-01
1.310993398593289339e+00 -3.476035153245090603e-01
1.387530159560760312e+00 -3.562571026344868441e-01
1.473189751511639889e+00 -3.659421391057422479e-01
1.569719517683211940e+00 -3.768562103775537908e-01
1.679343229263984050e+00 -3.892507489403693177e-01
1.804935333011154386e+00 -4.034507271286955077e-01
2.263298473549146816e+00 -4.872752617295554312e-01
2.265349751766634334e+00 -4.691312295842259839e-01
5.454224833694081731e+00 -6.890284561807570318e-01
5.415970950171302256e+00 -6.410220287547871987e-01
5.378319703389171202e+00 -5.937716484292629993e-01
5.341252464505200415e+00 -5.472538996572160475e-01
5.304751117393922577e+00 -5.014462453067320968e-01
5.268798078589779443e+00 -4.563269957391762333e-01
5.233376791799654093e+00 -4.118753149559520876e-01
4.688547412968326000e+00 -3.319666273512894006e-01
3.891522218045771808e+00 -2.448335470227358257e-01
3.904294821731595810e+00 -2.148660643174828966e-01
3.907752406633596909e+00 -1.842846431534490570e-01
3.911213581014400198e+00 -1.536717161988740143e-01
3.914678830682850830e+00 -1.230234527982052156e-01
3.918148566753379303e+00 -9.233600125349963883e-02
3.921623125212622796e+00 -6.160548987725522618e-02
3.925103004910121207e+00 -3.082802992462881780e-02
3.928588390350330695e+00 2.927026443444444421e-07
3.932080343243897769e+00 3.088341638327666075e-02
3.935578656182538548e+00 6.182530643935931630e-02
3.939084236125776073e+00 9.282996340694724124e-02
3.942597196499022072e+00 1.239014088259350194e-01
3.946118286665340147e+00 1.550437122102895637e-01
3.949647937622272398e+00 1.862609730666752728e-01
3.953186261578044203e+00 2.175573103963655830e-01
3.956734241502834148e+00 2.489369270467300110e-01
3.960292063288693765e+00 2.804040280493972914e-01
3.963860305109522031e+00 3.119628849322955699e-01
3.967439222593634351e+00 3.436177914713997583e-01
3.971029698135078334e+00 3.753731428847703611e-01
3.974631814265765062e+00 4.072333167484164518e-01
3.978246277263909558e+00 4.392028007510276888e-01
3.981873702882544386e+00 4.712861352672225723e-01
3.985514615145500095e+00 5.034879120288855425e-01
3.989169445160286376e+00 5.358127727764125936e-01
5.220237249557410308e+00 7.429502164068622072e-01
5.225053549722530555e+00 7.855520970079891141e-01
5.229890776621952675e+00 8.283337664514059950e-01
5.234748733421630718e+00 8.713015366960630281e-01
5.239628974032283892e+00 9.144620957688128771e-01
5.244531036060575246e+00 9.578218942506394606e-01
5.249457136078015118e+00 1.001387963021618921e+00
5.254407002507685220e+00 1.045166998299835726e+00
5.259381626779040531e+00 1.089166041143740049e+00
5.264381851813493718e+00 1.133392229268375351e+00
5.269408835103114974e+00 1.177852898788350089e+00
4.272166912476393463e+00 1.096906425607042213e+00
4.237551072451720913e+00 1.123566706551355932e+00
4.203350982897412713e+00 1.149907104926511048e+00
4.169555403568618424e+00 1.175936641800463089e+00
4.136154375396229987e+00 1.201664329186906688e+00
4.103135101170418686e+00 1.227097993835353451e+00
4.070486998809652590e+00 1.252245711433249920e+00
4.038199863916451804e+00 1.277115320893455142e+00
4.006306954065589565e+00 1.301728440259116271e+00
4.065781516096873993e+00 1.356447743954567908e+00
5.343069263592737705e+00 1.829342037445648161e+00
5.348604411892859289e+00 1.878296730729361430e+00
5.354181681458094033e+00 1.927624575378988903e+00
5.359802198683353502e+00 1.977335989165280639e+00
5.365467297872174690e+00 2.027441713847494498e+00
2.000769884432315404e+00 7.740397070602487162e-01
1.965167320014506114e+00 7.780649975081759262e-01
1.930599293590559151e+00 7.819734320604447841e-01
1.897016879476397522e+00 7.857703301041443211e-01
1.864374886299124512e+00 7.894609865718259512e-01
1.832630295655853336e+00 7.930501537968067671e-01
1.801742800483852047e+00 7.965423661962632851e-01
1.771674678148629223e+00 7.999419958776792239e-01
1.742390122137140729e+00 8.032530529485730764e-01
1.713855232847788290e+00 8.064792591703939806e-01
1.686038436523040085e+00 8.096243276187805593e-01
1.658909608041571948e+00 8.126916327890836289e-01
1.632440277938089546e+00 8.156843726029373576e-01
2.032959681906474358e+00 1.035844948716889702e+00
2.035385202842356911e+00 1.057298209143299195e+00
2.037836585356389119e+00 1.078979190962364276e+00
2.040314428375995526e+00 1.100894194088314570e+00
2.042819384629952939e+00 1.123049727414349830e+00
2.045352361824517740e+00 1.145452630817461737e+00
2.047914096844122955e+00 1.168109852417320571e+00
2.050505359310324849e+00 1.191028565349389279e+00
2.053127149503070736e+00 1.214216294186597489e+00
2.055780073349650738e+00 1.237680558961080424e+00
2.058465157576405247e+00 1.261429362119159903e+00
2.061183427662217849e+00 1.285470956771993745e+00
2.063935698547998410e+00 1.309813723281608722e+00
2.066722972151735060e+00 1.334466424199524992e+00
2.069546424131455176e+00 1.359438216187584203e+00
2.072406993859402302e+00 1.384738396728221188e+00
2.075305775410789533e+00 1.410376667945052898e+00
2.078243807513358465e+00 1.436363012233415448e+00
2.081222454807409861e+00 1.462707969641452888e+00
2.084243000081762887e+00 1.489422378918641154e+00
2.087306442060903766e+00 1.516517240026774571e+00
2.090414258617220966e+00 1.544004275639667023e+00
2.751992656927250813e+00 2.066254997226837364e+00
2.729819174903056034e+00 2.083332599340473212e+00
2.707740279198194155e+00 2.100339126421614466e+00
2.685751715883492263e+00 2.117276406194653404e+00
2.663849789794729084e+00 2.134146589028262042e+00
1.106970715565516628e+00 9.012160524825864050e-01
1.108785547953173634e+00 9.172673836020101001e-01
1.110630243057013633e+00 9.335824629758066040e-01
1.112505593831631723e+00 9.501697536127372556e-01
1.114412884828630101e+00 9.670384584811353434e-01
1.116352970531181654e+00 9.841977561754076120e-01
1.118326988773689301e+00 1.001657425577951344e+00
1.120336162571734073e+00 1.019427701678567111e+00
1.122381696663568906e+00 1.037519203536122259e+00
1.124464764531256211e+00 1.055942939379233225e+00
1.126586667771419803e+00 1.074710475991025538e+00
1.128748901913861458e+00 1.093834032945522505e+00
1.130952708285074104e+00 1.113326078643548600e+00
1.133199741090853863e+00 1.133200001699519621e+00
1.135491531807282239e+00 1.153469624491406886e+00
1.137829640759265848e+00 1.174149377243710823e+00
1.140215882759973320e+00 1.195254565842827299e+00
1.142651969008596335e+00 1.216801042464971783e+00
1.145139893213193982e+00 1.238805648009280613e+00
1.147681655001466128e+00 1.261285967743235981e+00
1.150279233902815390e+00 1.284260341232775327e+00
1.152934799528288146e+00 1.307748139951940392e+00
1.155650830640300386e+00 1.331769965363780450e+00
1.158429605844192745e+00 1.356347128308384553e+00
1.161273793248238428e+00 1.381502383118878408e+00
1.164185941607404740e+00 1.407259404060084096e+00
1.167169050466478009e+00 1.433643533422245486e+00
1.170226061555362573e+00 1.460681254655520345e+00
1.173360113750850919e+00 1.488400579297900928e+00
1.176574560741736164e+00 1.516831164260325604e+00
1.179873055906323298e+00 1.546004526041999005e+00
1.183259198076179519e+00 1.575953688386828588e+00
1.186737044409039044e+00 1.606713965636390240e+00
1.190310955863166598e+00 1.638322903447625878e+00
1.193985099663513294e+00 1.670819729341226578e+00
1.197764486361203806e+00 1.704246927577349524e+00
1.201654238204723057e+00 1.738649412420929297e+00
1.205659500782156668e+00 1.774074557380278749e+00
1.209786280997188657e+00 1.810573610096914088e+00
1.214040516980532391e+00 1.848200558104382107e+00
1.218428884105470233e+00 1.887013558280630221e+00
1.222958256385280551e+00 1.927074393407975261e+00
1.227636330237309892e+00 1.968449727909645786e+00
1.232471068506094003e+00 2.011210566415183809e+00
1.237471032225768264e+00 2.055433120424623894e+00
1.290864007053383666e+00 2.743226597428986224e+00
1.265943304404086200e+00 2.746044269486277223e+00
1.241151676016079897e+00 2.748847236174163822e+00
1.216485213052296066e+00 2.751636234971373884e+00
1.191939842571283714e+00 2.754411475620815342e+00
1.167511625088021754e+00 2.757173292207357296e+00
1.143196838725110354e+00 2.759922368142283311e+00
1.118991694839137852e+00 2.762659081304605468e+00
1.094892523591889599e+00 2.765383944642807013e+00
1.070895594568466613e+00 2.768097165755735833e+00
1.046997295387945837e+00 2.770799090370375861e+00
1.023194206806405049e+00 2.773490430221586589e+00
9.994827633642471287e-01 2.776171372973156526e+00
9.758595091923909504e-01 2.778842251339986191e+00
9.523210904253410769e-01 2.781503546992044384e+00
9.288641720738823881e-01 2.784155668102612058e+00
9.054854391619220344e-01 2.786798949938973369e+00
8.821816697445735711e-01 2.789433882789346786e+00
8.589495167710512469e-01 2.792060431735136738e+00
8.357859369402638183e-01 2.794679402244349742e+00
8.126877568138509700e-01 2.797291077840344808e+00
7.896517564918423826e-01 2.799895444656055332e+00
7.666749942264455830e-01 2.802493339306001641e+00
7.437543435921755153e-01 2.805084846129753284e+00
3.181980615665747081e-01 1.239300359976286181e+00
3.052883100909284941e-01 1.229013325489057173e+00
2.926401713250614822e-01 1.218934807978423462e+00
2.802442175699452198e-01 1.209057153573406040e+00
2.680915456291534937e-01 1.199373441856082412e+00
2.561735677465949990e-01 1.189876684758539138e+00
2.444821549890455747e-01 1.180560534037091935e+00
2.330094683967986746e-01 1.171418592359162014e+00
2.217480910197665855e-01 1.162445122398650499e+00
2.106908482852169473e-01 1.153634237539343799e+00
1.998309332892585777e-01 1.144980611584236474e+00
1.891618030537670914e-01 1.136479018245260209e+00
1.786771900135215030e-01 1.128124455116131575e+00
1.683710723942375143e-01 1.119912032543179503e+00
1.582377340088169937e-01 1.111837451482060368e+00
1.482715953919162832e-01 1.103895948311730546e+00
1.384673937286800549e-01 1.096083597868281911e+00
1.288200071836981819e-01 1.088396138289952297e+00
1.193245572543179256e-01 1.080829802942884221e+00
1.099763261842987006e-01 1.073380733685344257e+00
1.007707919623083148e-01 1.066045340290758370e+00
9.170361562331913463e-02 1.058820305114025917e+00
8.277059105444324605e-02 1.051702112077421258e+00
7.396768448604201796e-02 1.044687524959836633e+00
6.529102906639543125e-02 1.037773710387314585e+00
5.673685480310847878e-02 1.030957289575311187e+00
4.830157562626553880e-02 1.024235768889193432e+00
3.998169675947202406e-02 1.017606114951348228e+00
3.177386801176224768e-02 1.011065828656083188e+00
2.380424152545496455e-02 1.010103038495539618e+00
