2.687405254360858198e+00 -1.264596751694391008e+00
2.639714888629500322e+00 -1.216925064738127560e+00
2.594013893747161070e+00 -1.171242019011190960e+00
2.550173942784733860e+00 -1.127419944490424042e+00
2.508080822811997734e+00 -1.085343330734533263e+00
2.467626259564815072e+00 -1.044904577518936062e+00
2.428711452209846300e+00 -1.006005068190630292e+00
2.415916434035216831e+00 -9.785467459391433698e-01
2.415912095624357825e+00 -9.565271115384914591e-01
2.415907936900258957e+00 -9.346441378573927539e-01
2.415903562363740154e+00 -9.128937294164868321e-01
2.415899376513571450e+00 -8.912721802369683033e-01
2.415895252186498254e+00 -8.697756556270830330e-01
2.415890975109531436e+00 -8.484003691364093713e-01
2.415886921812632426e+00 -8.271428156374834861e-01
2.415882712877756244e+00 -8.059992933694835049e-01
2.415878565490674035e+00 -7.849663738850419792e-01
2.415874394005825376e+00 -7.640405890710176839e-01
2.415870491667111875e+00 -7.432186515822705175e-01
2.415866394960491270e+00 -7.224970965684999191e-01
2.415862250146278978e+00 -7.018727088233196465e-01
2.415858363256700780e+00 -6.813423675650367439e-01
2.415854283521656765e+00 -6.609027868433360320e-01
2.415850409917321251e+00 -6.405509714133472698e-01
2.415846385230253635e+00 -6.202837665774282305e-01
8.196634810556178152e-01 -2.036054128781263628e-01
8.366960822694931021e-01 -2.008729019737278410e-01
8.666000755197007521e-01 -2.008670547804962403e-01
8.985998237021057822e-01 -2.008607985226314452e-01
9.329280485280790902e-01 -2.008540916428501188e-01
9.698531761935688111e-01 -2.008468726336994636e-01
1.009686664698122849e+00 -2.008390972056751100e-01
1.052791594028609445e+00 -2.008306666783011007e-01
1.099594398736442047e+00 -2.008215214424649564e-01
1.150598764213540015e+00 -2.008115530345313815e-01
1.206404337205531974e+00 -2.008006571663093209e-01
1.267730216364547413e+00 -2.007886545002910694e-01
1.335447364691133121e+00 -2.007754379014419777e-01
1.410619158629507375e+00 -2.007607393222805570e-01
1.494559544943683926e+00 -2.007443405003787318e-01
1.588909942852058332e+00 -2.007258956708813658e-01
1.695749147261630618e+00 -2.007050201409351364e-01
1.817748544519746101e+00 -2.006811809698185733e-01
1.958400037623356571e+00 -2.006536977610370032e-01
2.415769657061977327e+00 -2.283572965539573119e-01
2.415765844181819944e+00 -2.092278264685106526e-01
5.579220354810312088e+00 -4.381958176359476015e-02
5.535382747650131385e+00 4.124181529618905120e-07
5.492229337116806498e+00 4.313716676264385541e-02
5.449737956009687245e+00 8.561173554877596348e-02
5.407888956545994219e+00 1.274443763707746591e-01
5.366662365445393768e+00 1.686545682024694626e-01
4.961399101985351834e+00 1.949342819063453747e-01
4.015683958484867588e+00 2.209967716170944396e-01
4.015678034293439502e+00 2.526453607575064320e-01
4.015671811011086945e+00 2.843251288383181752e-01
4.015665587654562607e+00 3.160400531858415518e-01
4.015659109055662590e+00 3.477940900764864285e-01
4.015652991252919080e+00 3.795912895763901562e-01
4.015646820252186444e+00 4.114356372915060622e-01
4.015640577137918221e+00 4.433311729261369405e-01
4.015634162288143294e+00 4.752819517157936269e-01
4.015627868048195381e+00 5.072921030286523525e-01
4.015621430735553332e+00 5.393657208101745315e-01
4.015615448779740859e+00 5.715070453800907835e-01
4.015609019251434653e+00 6.037201448403669568e-01
4.015602571305033841e+00 6.360093058405168476e-01
4.015596446036183487e+00 6.683788529990493110e-01
4.015589956113752912e+00 7.008329836358661025e-01
4.015583736877400334e+00 7.333761579313777812e-01
4.015577393790447758e+00 7.660127061686550221e-01
4.015570911492722495e+00 7.987470696544782811e-01
4.015564182606959243e+00 8.315837210708585392e-01
4.015557939240719243e+00 8.645273638242155778e-01
4.015551417401211687e+00 8.975824471450660758e-01
4.015544690726642330e+00 9.307536481370800585e-01
4.015538197755712524e+00 9.640457955591680284e-01
5.215475367886434732e+00 1.295531296072142791e+00
5.215466645215967922e+00 1.339104719660975995e+00
5.215458216554656801e+00 1.382854179534443340e+00
5.215449746143013598e+00 1.426786091116053257e+00
5.215440760984549229e+00 1.470906919412155123e+00
5.215432023216971302e+00 1.515223576005563677e+00
5.215423685536838327e+00 1.559742924306364298e+00
5.215414838748331228e+00 1.604471619017038941e+00
5.215405794311958942e+00 1.649416786947350611e+00
5.215397158974031555e+00 1.694585783596437079e+00
5.215388017566211509e+00 1.739985604801203900e+00
5.215379106615610993e+00 1.785623912075657405e+00
4.239738446389664794e+00 1.564122537349115882e+00
4.201104583873128462e+00 1.587465584024368104e+00
4.162944440311076022e+00 1.610522189562416440e+00
4.125245905909992850e+00 1.633300845588445238e+00
4.087996810069420839e+00 1.655809626800833101e+00
4.051183607964906841e+00 1.678055643775672401e+00
4.014793166810304292e+00 1.700045735245632628e+00
3.978814080330227210e+00 1.721787054276294748e+00
3.943283312129012952e+00 1.743307768002169578e+00
4.019807472170720430e+00 1.815013135307954384e+00
5.215258617887923442e+00 2.404267766162822451e+00
5.215248528822963081e+00 2.454110294325059893e+00
5.215238996347469680e+00 2.504322721430060739e+00
5.215228848324962918e+00 2.554914883588843111e+00
1.984079594380776301e+00 9.913886229154603713e-01
1.945694323302746609e+00 9.913810167893907233e-01
1.908475242251285842e+00 9.913737473421593283e-01
1.872365265087789554e+00 9.913666156686179454e-01
1.837311519008812510e+00 9.913597413602353026e-01
1.803264252306426396e+00 9.913531476379742191e-01
1.770176389760037328e+00 9.913466454517704252e-01
1.738004131882386227e+00 9.913402877212358355e-01
1.706706401161510733e+00 9.913341934066987049e-01
1.676244094443680055e+00 9.913282248496856353e-01
1.646580578662976357e+00 9.913223682791456604e-01
2.015482525657212420e+00 1.235089565322275096e+00
2.015478262992177250e+00 1.256966622335123462e+00
2.015473905741695493e+00 1.279058927326879536e+00
2.015469566304919802e+00 1.301372511686791356e+00
2.015465201724568001e+00 1.323913484941742436e+00
2.015460611693833837e+00 1.346688032020384229e+00
2.015456225368912335e+00 1.369702946527125986e+00
2.015451509222767612e+00 1.392964574383311227e+00
2.015446936724723859e+00 1.416480150849375175e+00
2.015442208217820053e+00 1.440256595905115233e+00
2.015437615029310070e+00 1.464301469013150836e+00
2.015432864575661842e+00 1.488622146228546939e+00
2.015428042324371560e+00 1.513226517346016653e+00
2.015423024020749132e+00 1.538122570903582398e+00
2.015418226706773730e+00 1.563318974931001248e+00
2.015413085302659724e+00 1.588823921813480089e+00
2.015408119786690655e+00 1.614646734519542548e+00
2.015403042732586858e+00 1.640796408426177688e+00
2.015397692552376885e+00 1.667282344884170708e+00
2.015392566329632373e+00 1.694114821471291776e+00
2.015387155052222212e+00 1.721303629543869507e+00
2.015381765437400663e+00 1.748859603323120959e+00
2.015376228245616463e+00 1.776793553695469319e+00
2.626425690913882338e+00 2.352423595640300125e+00
1.110525387827084876e+00 1.010500581512539631e+00
1.110522215979183214e+00 1.026556409871014930e+00
1.110519080947717008e+00 1.042847067832743502e+00
1.110515838287225110e+00 1.059379663636663693e+00
1.110512488968088629e+00 1.076161715315700595e+00
1.110509164249779079e+00 1.093201160468230348e+00
1.110505773119696338e+00 1.110506028509295584e+00
1.110502334462210694e+00 1.128084776370096964e+00
1.110498878418751501e+00 1.145946211820548566e+00
1.110495269268933605e+00 1.164099326285185532e+00
1.110491689144904370e+00 1.182553814852824736e+00
1.110487964208672240e+00 1.201319393605229102e+00
1.110484207166694937e+00 1.220406496693576148e+00
1.110480392631861601e+00 1.239825849185236306e+00
1.110476583720320320e+00 1.259588735993220743e+00
1.110472598993505144e+00 1.279706651428278441e+00
1.110468547777536008e+00 1.300191930745097091e+00
1.110464491736663062e+00 1.321057403191700841e+00
1.110460351190726280e+00 1.342316305496154216e+00
1.110456041384948689e+00 1.363982468730582820e+00
1.110451748985834541e+00 1.386070697987364042e+00
1.110447305129546924e+00 1.408596042140189075e+00
1.110442835464022115e+00 1.431574636374577825e+00
1.110438213022870935e+00 1.455023059158365495e+00
1.110433543968598613e+00 1.478958999153374254e+00
1.110428701013276287e+00 1.503400698720042117e+00
1.110423794417234600e+00 1.528367630295175639e+00
1.110418848567057415e+00 1.553880128438007491e+00
1.110413701974610312e+00 1.579959300412362655e+00
1.110408453830362241e+00 1.606627717373787512e+00
1.110403140857720405e+00 1.633909042605195650e+00
1.110397630864637053e+00 1.661827943279775122e+00
1.110392044210965601e+00 1.690410795291670487e+00
1.110386236748792665e+00 1.719685006656327841e+00
1.110380464957731794e+00 1.749680129953976593e+00
1.110374421458275584e+00 1.780426478071776009e+00
1.110368142864473384e+00 1.811956644342756162e+00
1.110361800319585424e+00 1.844305329657852655e+00
1.110355377443676295e+00 1.877508956600415280e+00
1.110348606443429365e+00 1.911605682715221244e+00
1.110341730639845315e+00 1.946636861999159640e+00
1.110334683634786490e+00 1.982645839365157370e+00
1.110327474842947915e+00 2.019678798846493262e+00
1.110319969004194496e+00 2.057784582485994829e+00
1.110312232551371014e+00 2.097015554979439145e+00
1.110304289934079813e+00 2.137427429009596036e+00
1.110296213566572376e+00 2.179079719636876966e+00
1.083792829539605318e+00 2.868175686285395543e+00
1.058123571347964420e+00 2.868170655779261224e+00
1.032602683385636100e+00 2.868165529559759008e+00
1.007225851798240424e+00 2.868160557184312953e+00
9.819887285596646809e-01 2.868155666252199421e+00
9.568870173222783215e-01 2.868150686728950127e+00
9.319166223202055566e-01 2.868145805763981926e+00
9.070734163908118486e-01 2.868140892783023865e+00
8.823534616441294220e-01 2.868136181416301334e+00
8.577527197346425103e-01 2.868131362484036551e+00
8.332673372248980970e-01 2.868126495486123417e+00
8.088935642675915139e-01 2.868121785565643567e+00
7.846275581467369031e-01 2.868116897122498621e+00
7.604657081213860303e-01 2.868112102108701489e+00
7.364044316728521888e-01 2.868107595524603148e+00
7.124400032462203658e-01 2.868102802037456378e+00
6.885689722978441951e-01 2.868097992928881901e+00
2.943689547496699532e-01 1.269995483283021365e+00
2.808556847525491285e-01 1.256476956391872957e+00
2.676729456103484894e-01 1.243289071249731093e+00
2.548071843485990029e-01 1.230418251362960902e+00
2.422456025635986165e-01 1.217851809682710895e+00
2.299760032315386060e-01 1.205577382857416335e+00
2.179869003378503700e-01 1.193583649273606051e+00
2.062673081266855890e-01 1.181859408457366589e+00
1.948068874468486811e-01 1.170394533245598279e+00
1.835957491632333183e-01 1.159179045018206899e+00
1.726244966043769813e-01 1.148203477651351667e+00
1.618842175611024670e-01 1.137459007585855719e+00
1.513664070219873370e-01 1.126937111456925544e+00
1.410629512183138035e-01 1.116629575625949888e+00
1.309661535340790328e-01 1.106528860458090513e+00
1.210686388598189306e-01 1.096627518194174256e+00
1.113633707383257093e-01 1.086918437232203827e+00
1.018436459900383950e-01 1.077394968638440753e+00
9.250305274763619134e-02 1.068050696458308302e+00
8.333546760720977886e-02 1.058879563102469668e+00
7.433502180690854111e-02 1.049875638109895482e+00
6.549610095687921629e-02 1.041033242664973546e+00
5.681333906857521238e-02 1.032347074245159035e+00
4.828159003223054385e-02 1.023811974012779347e+00
3.989592426499143085e-02 1.015423050650621661e+00
3.165160843380178390e-02 1.007175446740479430e+00
2.360952933426318720e-02 1.001840671650344294e+00
