2.448043032642233108e+00 -1.447768458432656447e+00
2.404669098254751169e+00 -1.396742803229405805e+00
2.363178364141696797e+00 -1.347932991256273416e+00
2.323446621772177867e+00 -1.301192481505171861e+00
2.285360491102091718e+00 -1.256387417292391229e+00
2.248814472766303307e+00 -1.213394307984170473e+00
2.216853745809083343e+00 -1.173763498227574864e+00
2.217389684385555171e+00 -1.151841570333681064e+00
2.219104252307842806e+00 -1.130689951265958504e+00
2.220807645844641076e+00 -1.109674541029157524e+00
2.222500461369564917e+00 -1.088791600712383678e+00
2.224182776656095761e+00 -1.068037215753623093e+00
2.225854790938663008e+00 -1.047407618853477551e+00
2.227517263106296053e+00 -1.026899382689882456e+00
2.229170003385869236e+00 -1.006508709062193363e+00
2.230813603250758614e+00 -9.862322355937255258e-01
2.232448138837449303e+00 -9.660664348054661676e-01
2.234074042511192015e+00 -9.460080044487236828e-01
2.235691450325759444e+00 -9.260535778722246425e-01
2.237300641217353281e+00 -9.061999129225206673e-01
2.238902041421613198e+00 -8.864438845177391446e-01
2.240495783985941181e+00 -8.667823050755252279e-01
6.883356100979421965e-01 -2.601003086305621048e-01
6.928466539548127079e-01 -2.556045809868709995e-01
7.149443857791057955e-01 -2.573957713254034774e-01
7.383609027197594044e-01 -2.592938459877873192e-01
7.632211070708957434e-01 -2.613089419694034632e-01
7.896661226358829833e-01 -2.634524985214160009e-01
8.178560839080921685e-01 -2.657374976191178573e-01
8.479734055689629457e-01 -2.681787190240426111e-01
8.802268784002031943e-01 -2.707930892436323789e-01
9.148566007905606368e-01 -2.736000795517986028e-01
9.521399253297605503e-01 -2.766221577946211263e-01
9.923992326993491542e-01 -2.798854655806879421e-01
1.036011265039300078e+00 -2.834205427603247451e-01
1.083419010490549006e+00 -2.872632745672192289e-01
1.135147317252281685e+00 -2.914562191827438919e-01
1.191822388254404563e+00 -2.960501413646205449e-01
1.254197447400616783e+00 -3.011060840921420123e-01
1.323186953350906858e+00 -3.066981803390488315e-01
1.399911875872476230e+00 -3.129172851276640355e-01
1.485761715454281928e+00 -3.198760292673424876e-01
1.582479936143655896e+00 -3.277157346923965098e-01
1.692284330035501494e+00 -3.366161690976255394e-01
1.818040019806810070e+00 -3.468095597424682430e-01
2.277045956156909412e+00 -4.158622796144733069e-01
2.278520987449319968e+00 -3.976654176438472743e-01
5.473604608948669181e+00 -5.174075877850681238e-01
5.433833009116111334e+00 -4.706205581258490200e-01
5.394688858707327839e+00 -4.245708385169350008e-01
5.356151859140549476e+00 -3.792355097747709403e-01
5.318203677057487866e+00 -3.345926342153100475e-01
5.280826062711490465e+00 -2.906210632773804647e-01
5.244001343179258257e+00 -2.473004468204038631e-01
4.713087985602314234e+00 -1.851773891509033154e-01
3.908538436268421901e+00 -9.210952668129100684e-02
3.911024581269463951e+00 -6.143899542565783856e-02
3.913513119987884092e+00 -3.073700216847598254e-02
3.916004657745350670e+00 2.917650832046089899e-07
3.918499247779257733e+00 3.077674749821784905e-02
3.920997344472654245e+00 6.159624379228575280e-02
3.923499326041626656e+00 9.246268346417682582e-02
3.926005255713247433e+00 1.233799848163153051e-01
3.928515834487643854e+00 1.543521086314367796e-01
3.931031208808063671e+00 1.853830289868440839e-01
3.933551446858342793e+00 2.164767396370095853e-01
3.936077251940023114e+00 2.476372978096020305e-01
3.938608771029184830e+00 2.788687669136593050e-01
3.941146308343459026e+00 3.101752528226700556e-01
3.943690323998848779e+00 3.415609120519128017e-01
3.946241195100638421e+00 3.730299374698584081e-01
3.948798977730582749e+00 4.045865327958793611e-01
3.951364355031989906e+00 4.362350067254776587e-01
3.953937449528690529e+00 4.679796595074683929e-01
3.956518770470978996e+00 4.998248826079895735e-01
3.959108501751718467e+00 5.317750808053279821e-01
3.961707210259314493e+00 5.638347623860067159e-01
3.964315134972145049e+00 5.960084500269383634e-01
3.966932422708229211e+00 6.283007074733859554e-01
3.969559832675301880e+00 6.607162556121829455e-01
5.193411577682680580e+00 9.063958648703469567e-01
5.196874551334210501e+00 9.491182705786511686e-01
5.200351954795308984e+00 9.920206444239412225e-01
5.203844802905283728e+00 1.035109547028805865e+00
5.207353038389745059e+00 1.078391433848895131e+00
5.210877402163280436e+00 1.121873017863917132e+00
5.214418958493307166e+00 1.165561200118586882e+00
5.217977230750746820e+00 1.209462655124535324e+00
5.221553457681769927e+00 1.253584553118919587e+00
5.225148260394832711e+00 1.297934055951967647e+00
5.228762106314295721e+00 1.342518415101473295e+00
4.235533673369109131e+00 1.230536693851053576e+00
4.200082581671035875e+00 1.256091447839771780e+00
4.165057614898614702e+00 1.281339441117101963e+00
4.130447254421912184e+00 1.306289348850730558e+00
4.096240808762273922e+00 1.330949730026242728e+00
4.062426148422114913e+00 1.355328308270544069e+00
4.028991536002548557e+00 1.379432536191049552e+00
3.995926528315360660e+00 1.403269929195095633e+00
3.963263241229606937e+00 1.426862978697031492e+00
4.013506678661193483e+00 1.480661208061278655e+00
5.281715220800089483e+00 1.995794432212834923e+00
5.285694133966410746e+00 2.044881408351606922e+00
5.289703180686813333e+00 2.094342222253978036e+00
5.293743609079641033e+00 2.144187492548606855e+00
5.297815978277804483e+00 2.194427817232374345e+00
1.975217848687605304e+00 8.363969301338302076e-01
1.939490629519635023e+00 8.392927617065062407e-01
1.904802328223473173e+00 8.421045186093280011e-01
1.871103867726704006e+00 8.448360079333804284e-01
1.838349470739789604e+00 8.474909298423490833e-01
1.806496309870623040e+00 8.500728519862690291e-01
1.775503839649942073e+00 8.525850130235176350e-01
1.745333890016103506e+00 8.550304621562989649e-01
1.715950648658669975e+00 8.574121498868293445e-01
1.687320322614307866e+00 8.597328557978703989e-01
1.659410805486822404e+00 8.619951006935487881e-01
1.632191982834609645e+00 8.642013779658158645e-01
1.605635188845663253e+00 8.663539465488402369e-01
1.998498280671893168e+00 1.098683988527542343e+00
2.000241308021369235e+00 1.120189220843607059e+00
2.002002982138415987e+00 1.141922608769824876e+00
2.003783708429393684e+00 1.163890464701758498e+00
2.005583734354547509e+00 1.186099190300173856e+00
2.007404168498855501e+00 1.208555888607396600e+00
2.009244921240789239e+00 1.231267155537392410e+00
2.011107154213564563e+00 1.254240550842218749e+00
2.012991028976417685e+00 1.277483245457204264e+00
2.014897526932302174e+00 1.301003150458235558e+00
2.016827026503039910e+00 1.324808036823265756e+00
2.018780499956946972e+00 1.348906310941659026e+00
2.020758109497856836e+00 1.373306104076346124e+00
2.022761181394086449e+00 1.398016600858971392e+00
2.024790020164445536e+00 1.423046581351188333e+00
2.026845478622814500e+00 1.448405495113793462e+00
2.028928354428783276e+00 1.474103067124355571e+00
2.031039764793325375e+00 1.500149584183114948e+00
2.033179982374853978e+00 1.526555053942017404e+00
2.035350343872562195e+00 1.553330624040010655e+00
2.037551511342369004e+00 1.580487314181814762e+00
2.039784603163086185e+00 1.608036881613100988e+00
2.685263365237025024e+00 2.151302101761807251e+00
2.662561635989077136e+00 2.167666455251981983e+00
2.639957148698373501e+00 2.183962977401872951e+00
2.617445040282130098e+00 2.200192910904695598e+00
2.595021916866859790e+00 2.216358595444690938e+00
1.077243795727624631e+00 9.347847586929177721e-01
1.078547451745538455e+00 9.508677004116172782e-01
1.079872448607677837e+00 9.672146587564973697e-01
1.081219588817892818e+00 9.838343501367565747e-01
1.082589522770382340e+00 1.000735688010739421e+00
1.083983090318851872e+00 1.017928108317223135e+00
1.085401043092176332e+00 1.035421335111543550e+00
1.086844206196276641e+00 1.053225548420397617e+00
1.088313377120831760e+00 1.071351309041508104e+00
1.089809565538236713e+00 1.089809816168206380e+00
1.091333719210164865e+00 1.108612666876153119e+00
1.092886710446480114e+00 1.127771860128712778e+00
1.094469569275260179e+00 1.147300059253489657e+00
1.096083459423277562e+00 1.167210605003405899e+00
1.097729411180512038e+00 1.187517265458805316e+00
1.099408708171367710e+00 1.208234679354087016e+00
1.101122537352148711e+00 1.229378018727621757e+00
1.102872128334333457e+00 1.250963172439722104e+00
1.104658962207711426e+00 1.273007026718482537e+00
1.106484347919223010e+00 1.295527030945258673e+00
1.108349863331278495e+00 1.318541748228646782e+00
1.110257010380253373e+00 1.342070508619950697e+00
1.112207489149916517e+00 1.366133786709216258e+00
1.114203081525648287e+00 1.390753127563067126e+00
1.116245538717085983e+00 1.415951068213991748e+00
1.118336838082967688e+00 1.441751525781077348e+00
1.120478987853307684e+00 1.468179629905631112e+00
1.122674198073821294e+00 1.495262023897873993e+00
1.124924683449347818e+00 1.523026695511314532e+00
1.127232965097314743e+00 1.551503474905767899e+00
1.129601386617611558e+00 1.580723481041601097e+00
1.132032822155656371e+00 1.610720205051809684e+00
1.134530113389629502e+00 1.641528862716556736e+00
1.137096207959002570e+00 1.673186708622929286e+00
1.139734283337793919e+00 1.705733358319446724e+00
1.142447855920733835e+00 1.739211118068239470e+00
1.145240551778528459e+00 1.773664821058037688e+00
1.148116332972159315e+00 1.809142359824819302e+00
1.151079005307056757e+00 1.845694118844772635e+00
1.154133373084302638e+00 1.883375029495120145e+00
1.157283837635478818e+00 1.922242596119288160e+00
1.160535517803145567e+00 1.962358964879092449e+00
1.163893835860821069e+00 2.003790573336589720e+00
1.167364475579319771e+00 2.046608406081890763e+00
1.170953678585199498e+00 2.090888876258766516e+00
1.203894506374623363e+00 2.782037083886476747e+00
1.178898004822672485e+00 2.784063150453473856e+00
1.154031173744069605e+00 2.786078776688794001e+00
1.129289988647667498e+00 2.788084359296653325e+00
1.104670284503047606e+00 2.790079759488238054e+00
1.080168376823317677e+00 2.792065853654453367e+00
1.055780345305726176e+00 2.794042767149737649e+00
1.031502308990962957e+00 2.796010536130018487e+00
1.007330669971866932e+00 2.797969781570525338e+00
9.832617723465373327e-01 2.799920819939786476e+00
9.592919123052454644e-01 2.801863660801709344e+00
9.354176500921493886e-01 2.803798909298583997e+00
9.116354162573934161e-01 2.805726642169641849e+00
8.879417463194146931e-01 2.807647084578015928e+00
8.643332730591055668e-01 2.809560613774342741e+00
8.408067187336301096e-01 2.811467762565955653e+00
8.173586211470360574e-01 2.813368306782793482e+00
7.939858147336380512e-01 2.815262864317083391e+00
7.706850181762049390e-01 2.817151526274779716e+00
7.474530368033263095e-01 2.819034543857866559e+00
7.242867546021228842e-01 2.820912331411753904e+00
7.011830112104824320e-01 2.822785006499443750e+00
6.781387789631924123e-01 2.824653083598818615e+00
6.551508764952227448e-01 2.826516317678293255e+00
2.791787727010208164e-01 1.248974878046912540e+00
2.665939427585745647e-01 1.238277311654831347e+00
2.542642579561946725e-01 1.227796557064706473e+00
2.421805772171086724e-01 1.217524904941984953e+00
2.303341862678192631e-01 1.207455045576114827e+00
2.187166918728673248e-01 1.197579610692500962e+00
2.073201839308031202e-01 1.187892120021475373e+00
1.961370399870986936e-01 1.178386053883779594e+00
1.851599603272005290e-01 1.169055095043974202e+00
1.743819918578813355e-01 1.159893372201221018e+00
1.637964735457038967e-01 1.150895232730372086e+00
1.533970245585979664e-01 1.142055249663438854e+00
1.431775472226503587e-01 1.133368346639526347e+00
1.331321542252478229e-01 1.124829331319264547e+00
1.232552357477921384e-01 1.116433492236102554e+00
1.135414135448620659e-01 1.108176368523346333e+00
1.039855060769157430e-01 1.100053518012791054e+00
9.458252530763763821e-02 1.092060521539807816e+00
8.532772019432111055e-02 1.084193581366257542e+00
7.621649106560034193e-02 1.076448694665717021e+00
6.724441797919171460e-02 1.068822013482684019e+00
5.840726565843690210e-02 1.061310086780280937e+00
4.970094344777150480e-02 1.053909388394052016e+00
4.112151572429310897e-02 1.046616558292892352e+00
3.266518979909285164e-02 1.039428286798510959e+00
2.432832061231558068e-02 1.032341675147070648e+00
1.610738167740089627e-02 1.025353523531699951e+00
7.998980910764931507e-03 1.018461048784992995e+00
-1.572830995739559123e-07 1.011661410331713862e+00
-7.922551004382912335e-03 1.008689762223933917e+00
