2.481925196613534279e+00 -1.364449766164654632e+00
2.437377139033782392e+00 -1.315137190164142433e+00
2.394755688528710902e+00 -1.267957716958888037e+00
2.353934819400690159e+00 -1.222771079857776888e+00
2.314797877565973661e+00 -1.179448282636398782e+00
2.277237933957330096e+00 -1.137871154175171595e+00
2.250098998680341911e+00 -1.102311982884724983e+00
2.251180841231984253e+00 -1.081001499994561188e+00
2.252255532845256703e+00 -1.059830863320691652e+00
2.253323202523715096e+00 -1.038796082076411720e+00
2.254384318925423347e+00 -1.017893407467903133e+00
2.255438826975907141e+00 -9.971189315557094091e-01
2.256487235377391265e+00 -9.764690792773684791e-01
2.257529311636786939e+00 -9.559400263589601376e-01
2.258565393704708768e+00 -9.355282739905269596e-01
2.259595738978033452e+00 -9.152303558040522091e-01
2.260620525206947562e+00 -8.950428391733358247e-01
2.261639851419808611e+00 -8.749623264975673331e-01
2.262653961892811871e+00 -8.549855407433378796e-01
2.263663026702540382e+00 -8.351092354030640319e-01
2.264667142564821045e+00 -8.153301956774456904e-01
2.265666333689626111e+00 -7.956452396429295471e-01
6.958060750430731245e-01 -2.382276218528367462e-01
7.058330396414687069e-01 -2.354836715190506413e-01
7.282459665236217239e-01 -2.366214112762538846e-01
7.520034556862951192e-01 -2.378274154863253553e-01
7.772334011549890675e-01 -2.391081650955937110e-01
8.040804819822056082e-01 -2.404710023912743355e-01
8.327090191517541040e-01 -2.419242797879981588e-01
8.633062559451076812e-01 -2.434774891216776038e-01
8.960866966938096922e-01 -2.451415216297208599e-01
9.312971694091589647e-01 -2.469289092117061823e-01
9.692231940105356935e-01 -2.488541560881409320e-01
1.010196609510765731e+00 -2.509340754118170036e-01
1.054605975263404272e+00 -2.531884243026262249e-01
1.102908610599059758e+00 -2.556404165672681028e-01
1.155646722289494166e+00 -2.583175706543214267e-01
1.213468002522208433e+00 -2.612527448057814783e-01
1.277153003797444120e+00 -2.644855870805085107e-01
1.347650507855261415e+00 -2.680642627159414149e-01
1.426125387202212824e+00 -2.720478714905920636e-01
1.514024786342509143e+00 -2.765099216986662833e-01
1.613167553456623882e+00 -2.815426991493095721e-01
1.725873515022223748e+00 -2.872640003973633283e-01
1.855147194778888009e+00 -2.938263238749913575e-01
2.288589301623455086e+00 -3.440738522227549390e-01
2.289514704784745724e+00 -3.258460386064712111e-01
5.479373074172553260e+00 -3.447325416747136773e-01
5.438319755524524624e+00 -2.992884543107642847e-01
5.397911638748361440e+00 -2.545586609919173737e-01
5.358128630859678942e+00 -2.105210583015457160e-01
5.318952160486398739e+00 -1.671544176045135777e-01
5.280363290044257418e+00 -1.244382705407375278e-01
5.242344161895961641e+00 -8.235293649775679570e-02
4.564458256842014450e+00 -3.584957020379311854e-02
3.799791097640980553e+00 2.831064982444783791e-07
3.909676840377011242e+00 3.070745438680555495e-02
3.911236976860945624e+00 6.144291495013270987e-02
3.912798733356375624e+00 9.221050921050270854e-02
3.914362587012322425e+00 1.230140983250909009e-01
3.915928224140587499e+00 1.538575391091142608e-01
3.917495969839306369e+00 1.847447222767709674e-01
3.919066310384214269e+00 2.156795732189572823e-01
3.920639416295066848e+00 2.466660303119274089e-01
3.922215142340825800e+00 2.777080344613298557e-01
3.923793978513154812e+00 3.088095934761030947e-01
3.925375859767406439e+00 3.399747060892978623e-01
3.926961353789614861e+00 3.712074543414554118e-01
3.928550471941658184e+00 4.025119088918419630e-01
3.930143381337360520e+00 4.338921876962457125e-01
3.931740403243998205e+00 4.653524641370357928e-01
3.933341774740799490e+00 4.968969452362521078e-01
3.934947411625535185e+00 5.285298386886970734e-01
3.936557853076142699e+00 5.602554767197632790e-01
3.938173313888290394e+00 5.920782008578900912e-01
3.939793920346207567e+00 6.240023886675954978e-01
3.941419709343997102e+00 6.560324524441641936e-01
3.943051332128681086e+00 6.881729608666344866e-01
3.944688641282213304e+00 7.204284083062617583e-01
3.946332333982838669e+00 7.528034985129739010e-01
3.947982073333569097e+00 7.853028079016940444e-01
5.163950511385067443e+00 1.069403198754369511e+00
5.166125030804924023e+00 1.112238080398007201e+00
5.168308489469239042e+00 1.155254284996973135e+00
5.170501682636857055e+00 1.198458409621713017e+00
5.172704800806893211e+00 1.241857023716943731e+00
5.174917894944323749e+00 1.285456763689220683e+00
5.177141798516442961e+00 1.329264567937890273e+00
5.179376272745421339e+00 1.373287222091672310e+00
5.181622313844519212e+00 1.417531949622818477e+00
5.183879841720884230e+00 1.462005816580115969e+00
5.186149539488528859e+00 1.506716225222000327e+00
4.189990404660494328e+00 1.361410829648095344e+00
4.153861500706608645e+00 1.385833458838265031e+00
4.118165231971948614e+00 1.409963525520117500e+00
4.082890716591316860e+00 1.433809587384446305e+00
4.048026996804718003e+00 1.457379817323154692e+00
4.013560809762688919e+00 1.480681178084640059e+00
3.979481088440096404e+00 1.503721020044300305e+00
3.945777603030999003e+00 1.526506653133465452e+00
3.912491940366385812e+00 1.549065568528515513e+00
4.013040011768525872e+00 1.625448989553005985e+00
5.219411739774026948e+00 2.161951709593478377e+00
5.221911210776331913e+00 2.211194329287129889e+00
5.224430126293258425e+00 2.260813392083959705e+00
5.226968496972109968e+00 2.310819198774317851e+00
5.229526960885672260e+00 2.361222568783630571e+00
1.942121878425787207e+00 8.953306772253067924e-01
1.906515269798296552e+00 8.971382138438346310e-01
1.871940613363261674e+00 8.988933037386350744e-01
1.838349653108897863e+00 9.005984256044383685e-01
1.805697211124754897e+00 9.022559763273793054e-01
1.773940417503010680e+00 9.038680093606297206e-01
1.743039224974361368e+00 9.054365966984245784e-01
1.712955960313713000e+00 9.069637131331695912e-01
1.683654883856223083e+00 9.084510998439979668e-01
1.655102488932128857e+00 9.099005095718460945e-01
1.627266959372613009e+00 9.113135000333065783e-01
1.600118363725969717e+00 9.126916156212457887e-01
1.573628327000396787e+00 9.140362790033528251e-01
1.964516758679907049e+00 1.161812242933479178e+00
1.965612295420666955e+00 1.183395128708034649e+00
1.966719681119828644e+00 1.205207648859657033e+00
1.967838902411907842e+00 1.227256013563840176e+00
1.968970392907228195e+00 1.249546893917001800e+00
1.970114615459581664e+00 1.272087184194975018e+00
1.971271855452856103e+00 1.294883875785625360e+00
1.972442416628423567e+00 1.317944186510538795e+00
1.973626810680159993e+00 1.341275699222262308e+00
1.974825155831197110e+00 1.364885967281194157e+00
1.976038349927562665e+00 1.388783325914892730e+00
1.977266489075268030e+00 1.412975817982387916e+00
1.978509845476978946e+00 1.437471867938115322e+00
1.979769237330916809e+00 1.462280576502013485e+00
1.981044859731857066e+00 1.487410887833519713e+00
1.982337429965419284e+00 1.512872438111741991e+00
1.983647219847015863e+00 1.538674850342686362e+00
1.984974807138363273e+00 1.564828312755010220e+00
1.986320682831141937e+00 1.591343298041976606e+00
1.987685611671425434e+00 1.618230866759488684e+00
1.989070059808598412e+00 1.645502228027578839e+00
1.990474373618714488e+00 1.673168887512269887e+00
2.615001883104526748e+00 2.233423102537954286e+00
2.591837132470325766e+00 2.249082202242928208e+00
2.568770834245527102e+00 2.264676637166400219e+00
2.545798093709887411e+00 2.280207479730901099e+00
1.054245733463293089e+00 9.592900247028365301e-01
1.048577749296688344e+00 9.692955208820559498e-01
1.049397742891780894e+00 9.854502979192982792e-01
1.050231359171192480e+00 1.001871117601918604e+00
1.051078839166567747e+00 1.018566488649397472e+00
1.051940697951468051e+00 1.035545521608723485e+00
1.052817533734954791e+00 1.052817775857647575e+00
1.053709677270574963e+00 1.070392928276399758e+00
1.054617686694880652e+00 1.088281281929606159e+00
1.055542242154152266e+00 1.106493694265012984e+00
1.056483717712913384e+00 1.125041153323099952e+00
1.057442906388225579e+00 1.143935559877663710e+00
1.058420183652934332e+00 1.163188868446241031e+00
1.059416461812318078e+00 1.182814143430549469e+00
1.060432202132004509e+00 1.202824513971350040e+00
1.061468273985103794e+00 1.223234154296117371e+00
1.062525296363698857e+00 1.244057582098563319e+00
1.063604163656820534e+00 1.265310295754655368e+00
1.064705553373509472e+00 1.287008242404236391e+00
1.065830513090542331e+00 1.309168558064208066e+00
1.066979745266706248e+00 1.331808754059667921e+00
1.068154333244581755e+00 1.354947649702010093e+00
1.069355253979400899e+00 1.378604832216421272e+00
1.070583495393482965e+00 1.402800853107707413e+00
1.071840164529281658e+00 1.427557430694331941e+00
1.073126515501792611e+00 1.452897562669455800e+00
1.074443692159745778e+00 1.478845255233034450e+00
1.075792969059771842e+00 1.505425920221448610e+00
1.077175768152402124e+00 1.532666491817238352e+00
1.078593534747604110e+00 1.560595349151046696e+00
1.080047684522227325e+00 1.589242333034599497e+00
1.081539947390019130e+00 1.618639356197595802e+00
1.083072028296722555e+00 1.648820034560136927e+00
1.084645673996937010e+00 1.679819905340886210e+00
1.086262729808334937e+00 1.711676649793688831e+00
1.087925438535639611e+00 1.744430724901641749e+00
1.089635775685182661e+00 1.778124486328426013e+00
1.091396179540159217e+00 1.812803529547566184e+00
1.093209065059688401e+00 1.848516117255843749e+00
1.095076964405070408e+00 1.885313617740754122e+00
1.097002765302758753e+00 1.923251159282989287e+00
1.098989453086107071e+00 1.962387466393916924e+00
1.101040091011491473e+00 2.002785105187516290e+00
1.103158242463850414e+00 2.044511570318233495e+00
1.105347561526783151e+00 2.087638920138630727e+00
1.107611731560014245e+00 2.132244031831801223e+00
1.115204954081660427e+00 2.816687308162733938e+00
1.090185008383389720e+00 2.817957275350915225e+00
1.065294311773625990e+00 2.819220759252671904e+00
1.040528836444134519e+00 2.820478019764081967e+00
1.015884511826128822e+00 2.821729001594300179e+00
9.913574718470877789e-01 2.822974007016786580e+00
9.669438842575024395e-01 2.824213252069482483e+00
9.426400274429967974e-01 2.825447093654367414e+00
9.184420618466705433e-01 2.826675353170848837e+00
8.943464085405909980e-01 2.827898448237320395e+00
8.703495134508999476e-01 2.829116718548557508e+00
8.464477119356521584e-01 2.830329969756955499e+00
8.226375805192263080e-01 2.831538613679014826e+00
7.989156522821976303e-01 2.832742759196857474e+00
7.752785528277843508e-01 2.833942670321301982e+00
7.517228701814102632e-01 2.835138308504826288e+00
7.282454021156141710e-01 2.836330254652189797e+00
7.048427277013789016e-01 2.837518097109707149e+00
6.815117456090473702e-01 2.838702509664168705e+00
6.582491989946225308e-01 2.839883405193816657e+00
6.350519118716709821e-01 2.841060860428657797e+00
6.119168311841695074e-01 2.842235351765904916e+00
5.888407677381245486e-01 2.843406592415219425e+00
5.658207502436197744e-01 2.844575163998324552e+00
2.393033039370197068e-01 1.254472844190905212e+00
2.270926426424083044e-01 1.243441989900380795e+00
2.151289188735017177e-01 1.232634192548595964e+00
2.034033016132051341e-01 1.222041558038619025e+00
1.919073144818214949e-01 1.211656253191700339e+00
1.806329355058885477e-01 1.201471221095365305e+00
1.695724618366628023e-01 1.191479484909135689e+00
1.587185187122272245e-01 1.181674273250718388e+00
1.480640776646475476e-01 1.172049264390112810e+00
1.376024073934390968e-01 1.162598357977520314e+00
1.273270879709707259e-01 1.153315918932317441e+00
1.172319287016290734e-01 1.144196192098913434e+00
1.073110147621466337e-01 1.135233781747473580e+00
9.755870052782261714e-02 1.126423776830123069e+00
8.796954106671495133e-02 1.117761163231165256e+00
7.853831888246960713e-02 1.109241184686758031e+00
6.926003131895412668e-02 1.100859347925434051e+00
6.012987132596461781e-02 1.092611308467037912e+00
5.114322498369597292e-02 1.084492993975212149e+00
4.229564462292972893e-02 1.076500251178203804e+00
3.358286492658717898e-02 1.068629325931475860e+00
2.500077685408760159e-02 1.060876509678255086e+00
1.654542396635386159e-02 1.053238142734830740e+00
8.212999633997115564e-03 1.045710736683276743e+00
-1.614232380802994302e-07 1.038291215896593789e+00
-8.097594454912425063e-03 1.030976085959280475e+00
-1.608270668116590710e-02 1.023762509233285822e+00
-2.395878495335123856e-02 1.016647472952358466e+00
-3.172899783718443473e-02 1.009628030098522533e+00
-3.963090805818444973e-02 1.008669916463851512e+00
