2.224633404298702377e+00 -1.782267288482752621e+00
2.188858615601838142e+00 -1.725556854526641315e+00
2.154635607821496546e+00 -1.671306554995422022e+00
2.121861130243432481e+00 -1.619353083426789741e+00
2.090442939918310206e+00 -1.569548821159411300e+00
2.060294011780118506e+00 -1.521756636637525251e+00
2.031382838859517204e+00 -1.475885892364561913e+00
2.033834189444503782e+00 -1.453399244915074773e+00
2.038520653363930180e+00 -1.432696180360986782e+00
2.043177047884980446e+00 -1.412126427821504882e+00
2.047804098022491193e+00 -1.391686096979509069e+00
2.052402626381470530e+00 -1.371371460305639722e+00
2.056973559274747565e+00 -1.351178946993251584e+00
2.061517732387378565e+00 -1.331105007426498510e+00
2.066035690221923904e+00 -1.311145986975196687e+00
2.070528491085982914e+00 -1.291298640115544627e+00
2.074996909638386899e+00 -1.271559609840310134e+00
2.079441432592629369e+00 -1.251925437008241104e+00
2.083862870278931911e+00 -1.232392933890753550e+00
2.088262160804602363e+00 -1.212959049740786277e+00
2.092639754053157830e+00 -1.193620509608530389e+00
2.096996435060465735e+00 -1.174374297853516547e+00
6.459643795048618520e-01 -3.551218819038998165e-01
6.472914845546700047e-01 -3.492594931582339024e-01
6.622486960534651468e-01 -3.506425932003314205e-01
6.848764494662530344e-01 -3.557647853207013822e-01
7.089013227760823099e-01 -3.612032202941622971e-01
7.344602328076581532e-01 -3.669889300273155297e-01
7.617083142508239701e-01 -3.731570045380432910e-01
7.908224902581606486e-01 -3.797475007519444112e-01
8.220052095925870494e-01 -3.868062385603531217e-01
8.554894312331389195e-01 -3.943859755349098384e-01
8.915442298492990414e-01 -4.025475986553254115e-01
9.304824466836261188e-01 -4.113619274314418983e-01
9.726698791243143516e-01 -4.209117811165017375e-01
1.018536856221937681e+00 -4.312945768480118680e-01
1.068593011498782053e+00 -4.426256500840100583e-01
1.123446908960511470e+00 -4.550427744566070687e-01
1.183830827765618432e+00 -4.687117069713683248e-01
1.250634232489382436e+00 -4.838338150830947537e-01
1.324947857513765204e+00 -5.006559904836203057e-01
1.408124499451069989e+00 -5.194844639936909703e-01
1.501862505250162405e+00 -5.407036766115772553e-01
1.608323892064808636e+00 -5.648030468994266196e-01
1.730303873397329939e+00 -5.924153174671271671e-01
2.196920987840507600e+00 -7.329481494897535088e-01
2.200953780089601963e+00 -7.151330917556336653e-01
5.348379606870474312e+00 -1.284031986351694243e+00
5.315613912604466584e+00 -1.232092797054938904e+00
5.283364958542294154e+00 -1.180971636614853493e+00
5.251616339119528298e+00 -1.130643066327376545e+00
5.220351591646958944e+00 -1.081082494719162623e+00
5.189557022137015529e+00 -1.032266725573708133e+00
5.159217999116924247e+00 -9.841731223712504306e-01
4.670499807713259344e+00 -8.529844080321907773e-01
3.479101642638383396e+00 -5.790810548712027606e-01
3.864757274685880262e+00 -6.121171548468037349e-01
3.871560431350298703e+00 -5.820628064558963644e-01
3.878371707284379966e+00 -5.519737673756703877e-01
3.885191697717174097e+00 -5.218462173115820946e-01
3.892021160882824571e+00 -4.916763451589577505e-01
3.898861018769063325e+00 -4.614603407363646048e-01
3.905712120680290944e+00 -4.311943603362026201e-01
3.912575716935389192e+00 -4.008745763331694745e-01
3.919452035896339837e+00 -3.704970249434794693e-01
3.926342417430025655e+00 -3.400578296727391203e-01
3.933247890336171171e+00 -3.095530434901012096e-01
3.940168932779529509e+00 -2.789786423384060798e-01
3.947106659893441893e+00 -2.483306197090323630e-01
3.954061872618169993e+00 -2.176049072699071385e-01
3.961035770675464196e+00 -1.867974189659089290e-01
3.968028999588377292e+00 -1.559039959498959294e-01
3.975042602092747401e+00 -1.249204563338622287e-01
3.982077541123562714e+00 -9.384256634591814361e-02
3.989134937100037082e+00 -6.266604519096853620e-02
3.996215590122925487e+00 -3.138655307732458877e-02
4.003320693969715016e+00 2.982706348575445272e-07
4.010450642902300800e+00 3.149895380498556746e-02
4.017607414547058831e+00 6.311392332794817095e-02
4.024791469140161837e+00 9.484977279093273483e-02
5.271182330478048073e+00 1.656539799461523854e-01
5.280649888793062630e+00 2.074777039522544830e-01
5.290156961809065805e+00 2.494778772548505996e-01
5.299705951094676237e+00 2.916608771557140378e-01
5.309297705213398721e+00 3.340331128759566615e-01
5.318933899073504001e+00 3.766011360763556470e-01
5.328615603308216819e+00 4.193715641695263119e-01
5.338344708704021890e+00 4.623511832195728588e-01
5.348122971407168080e+00 5.055468936064998475e-01
5.357951536034297746e+00 5.489656594518024235e-01
5.367831883058838294e+00 5.926145926344086323e-01
4.369527734223356497e+00 6.218762520826548457e-01
4.338030549662477142e+00 6.521940804516812573e-01
4.306910890578385498e+00 6.821480356168549974e-01
4.276159989988414623e+00 7.117485404117546155e-01
4.245767997299350505e+00 7.410055025271331530e-01
4.215723523013265250e+00 7.699281904684119882e-01
4.186016467175226907e+00 7.985257131504763795e-01
4.156638484973216308e+00 8.268071670663618145e-01
4.127620800959724612e+00 8.547895410809157601e-01
4.179171225375958976e+00 8.997523973287406829e-01
5.512617395731517433e+00 1.232216474876425716e+00
5.523497105890323056e+00 1.280278387550884744e+00
5.534459535108969597e+00 1.328706684572481311e+00
5.545507407604247874e+00 1.377511711279092887e+00
5.556643224281597071e+00 1.426704008151038039e+00
5.567868797372785394e+00 1.476294185064473519e+00
2.043191536819572107e+00 5.589541474109834818e-01
2.009191204725627511e+00 5.666507167641712250e-01
1.976160346328504014e+00 5.741278447106125116e-01
1.944053936365046420e+00 5.813955978541369696e-01
1.912830195016519852e+00 5.884635939409559313e-01
1.882449553891055061e+00 5.953408070673581465e-01
1.852874541417041554e+00 6.020356189500160049e-01
1.824070007173047570e+00 6.085559777989113517e-01
1.796002889536477021e+00 6.149094131326536816e-01
1.768641984855791938e+00 6.211030396263054199e-01
1.741957606284268101e+00 6.271435096740082260e-01
1.715921694023252009e+00 6.330371148799329717e-01
2.135369072626275511e+00 8.068889608215988885e-01
2.140138387511593354e+00 8.279573295396162047e-01
2.144958067272207725e+00 8.492492096067284502e-01
2.149829841422074672e+00 8.707709699386798619e-01
2.154755290026726389e+00 8.925291039082807742e-01
2.159735621304102793e+00 9.145301338582255690e-01
2.164772328921943600e+00 9.367808839874208759e-01
2.169867399908288252e+00 9.592885913521773666e-01
2.175022213838973872e+00 9.820604382260489373e-01
2.180238413442831646e+00 1.005103931377698157e+00
2.185518109492452066e+00 1.028427017676522226e+00
2.190862790971728202e+00 1.052037590378652965e+00
2.196274400271104543e+00 1.075943993426108580e+00
2.201754890982660751e+00 1.100154830255144711e+00
2.207306432569992261e+00 1.124679076913002174e+00
2.212930975024639313e+00 1.149525875290791754e+00
2.218630455738359597e+00 1.174704640881881756e+00
2.224407630604954278e+00 1.200225520028258552e+00
2.230264376355431732e+00 1.226098508156469702e+00
2.236203363902665053e+00 1.252334352766610648e+00
2.242226788732498033e+00 1.278943881146514139e+00
2.248337607993300846e+00 1.305938706041720687e+00
2.964215802278776124e+00 1.753032746892183802e+00
2.944037531253515194e+00 1.772455168974930162e+00
2.923945780610713197e+00 1.791796692468367924e+00
2.903936113307140854e+00 1.811059357396220593e+00
2.884005294837485689e+00 1.830245833652899501e+00
1.200250167453005723e+00 7.749918932958473894e-01
1.203820025019054496e+00 7.907621343211032050e-01
1.207448535300696735e+00 8.067915008288949474e-01
1.211137706282353177e+00 8.230885216280975358e-01
1.214889324837092222e+00 8.396618740518054791e-01
1.218705636014379756e+00 8.565208598088793757e-01
1.222588835773768867e+00 8.736750811426999830e-01
1.226541061782465025e+00 8.911344440432577008e-01
1.230564671767154339e+00 9.089093737412750063e-01
1.234662321030838728e+00 9.270109003728695951e-01
1.238836372855058432e+00 9.454502424723089105e-01
1.243089553523726076e+00 9.642393131164670450e-01
1.247424834266930072e+00 9.833906665590004259e-01
1.251844944036108576e+00 1.002917141778030485e+00
1.256353101299061192e+00 1.022832462102275519e+00
1.260952523251345658e+00 1.043150881596773605e+00
1.265646591114663266e+00 1.063887346104895215e+00
1.270438826641538066e+00 1.085057507650370123e+00
1.275332958259576710e+00 1.106677816449671115e+00
1.280332893709290154e+00 1.128765537791036389e+00
1.285442781018943492e+00 1.151338847840108315e+00
1.290666800751902432e+00 1.174416692310505717e+00
1.296009665631292496e+00 1.198019283509347721e+00
1.301476054043711583e+00 1.222167642230644891e+00
1.307071014711537860e+00 1.246884019276999434e+00
1.312799923539120783e+00 1.272191921853098595e+00
1.318668269844703200e+00 1.298115971731522711e+00
1.324682039870659578e+00 1.324682344515645260e+00
1.330847410805097830e+00 1.351918548219746663e+00
1.337171036685367076e+00 1.379853788080942278e+00
1.343659823760989136e+00 1.408518828383986898e+00
1.350321284323995785e+00 1.437946453506454114e+00
1.357163221886230176e+00 1.468171246593824808e+00
1.364193909052395126e+00 1.499229884236827015e+00
1.371422013432241904e+00 1.531161174638258515e+00
1.378857310853733198e+00 1.564006988310062685e+00
1.386509323904073998e+00 1.597810883110089675e+00
1.394388968849321397e+00 1.632620112695946091e+00
1.402507499747690956e+00 1.668484611044135590e+00
1.410877022017476001e+00 1.705457767738561170e+00
1.419510368005862055e+00 1.743596490074926564e+00
1.428421418092347350e+00 1.782961820541575815e+00
1.437624803368076298e+00 1.823618823470957384e+00
1.447136491954981619e+00 1.865637591681284624e+00
1.456973461152142324e+00 1.909093146918278583e+00
1.585344486188443813e+00 2.587047812728825225e+00
1.560865203933100132e+00 2.592589202602929799e+00
1.536512705909957033e+00 2.598101856288455469e+00
1.512282944868540202e+00 2.603586526346757246e+00
1.488172256103126312e+00 2.609044486750412339e+00
1.464176635697070905e+00 2.614476299486032662e+00
1.440292340820747308e+00 2.619882846101875273e+00
1.416515761716677257e+00 2.625265127784054187e+00
1.392843080240034448e+00 2.630623638359031791e+00
1.369270947275270656e+00 2.635959625649900495e+00
1.345795693284568495e+00 2.641273622460407200e+00
1.322413887469287896e+00 2.646566500677779210e+00
1.299122112641441396e+00 2.651839052151076626e+00
1.275916966513801931e+00 2.657091989234243723e+00
1.252795062979299212e+00 2.662325945346782685e+00
1.229753233011952052e+00 2.667541908588330291e+00
1.206788116437726988e+00 2.672740360924827030e+00
1.183896565767888154e+00 2.677922143131752364e+00
1.161075535592204666e+00 2.683088244117062260e+00
1.138321703215828817e+00 2.688238926794454642e+00
1.115632043042499744e+00 2.693375039107898328e+00
1.093003533270520133e+00 2.698497362415106515e+00
1.070433156920697293e+00 2.703606611771129931e+00
1.047917816834188720e+00 2.708703213867036386e+00
4.528569073102037823e-01 1.198451526446512982e+00
4.388788668071036958e-01 1.189633726441048367e+00
4.251840479717097776e-01 1.180994635916229551e+00
4.117622339046526636e-01 1.172527686928348079e+00
3.986038094574986812e-01 1.164226982892272444e+00
3.856994277990390962e-01 1.156086412174819555e+00
3.730403455271665281e-01 1.148100674221970374e+00
3.606180625120053995e-01 1.140264275280269857e+00
3.484245353944744328e-01 1.132572217256292646e+00
3.364520171816188787e-01 1.125019554293166690e+00
3.246931509280152062e-01 1.117601743734458530e+00
3.131407882082370420e-01 1.110314083685960851e+00
3.017882118979098305e-01 1.103152522377893741e+00
2.906288931830739442e-01 1.096112864602408532e+00
2.796566124546572274e-01 1.089191237616301100e+00
2.688653571820880939e-01 1.082383752724569437e+00
2.582494029586634432e-01 1.075686857961467569e+00
2.478032165507876305e-01 1.069096997779986014e+00
2.375215312464203088e-01 1.062610966628585007e+00
2.273992551197615841e-01 1.056225566823959072e+00
2.174314439837248814e-01 1.049937495999999637e+00
2.076134425688419549e-01 1.043744051785381988e+00
1.979406575034583782e-01 1.037642086482568171e+00
1.884087653275054730e-01 1.031629062692309473e+00
1.790135428209904678e-01 1.025702239224121737e+00
1.697509512319613501e-01 1.019859143272511703e+00
1.606170677614973674e-01 1.014097222130468268e+00
1.516081222243118865e-01 1.008414081444639399e+00
1.427204721618963168e-01 1.002807371053211716e+00
1.349780401526530782e-01 1.004924181477414358e+00
