2.584230618173193772e+00 -1.240929703829697139e+00
2.537116258958101778e+00 -1.193876128113955382e+00
2.492017207965219416e+00 -1.148835510681261773e+00
2.448801843749162099e+00 -1.105676273571514434e+00
2.407350523562221234e+00 -1.064278380430701443e+00
2.367551786838996364e+00 -1.024530995429945079e+00
2.334825768480101260e+00 -9.886708425709006542e-01
2.334536754341649534e+00 -9.669966370883993356e-01
2.334523151484633630e+00 -9.455790775797926484e-01
2.334509345678132064e+00 -9.242974880276116911e-01
2.334495605912465077e+00 -9.031480875547983622e-01
2.334482115248150524e+00 -8.821271335681353243e-01
2.334468748173381236e+00 -8.612308406164563834e-01
2.334455292779983093e+00 -8.404554713091013651e-01
2.334441901880560888e+00 -8.197974957016326281e-01
2.334428649249344012e+00 -7.992534205186048180e-01
2.334415530597189203e+00 -7.788197904073036471e-01
2.334402464563540835e+00 -7.584931891742560106e-01
2.334389293725099179e+00 -7.382702410043016084e-01
2.334376469257387843e+00 -7.181478219760134563e-01
2.334363461172884957e+00 -6.981225561774435651e-01
2.334350579980916329e+00 -6.781913848007220524e-01
2.334337840871833158e+00 -6.583512077472197799e-01
7.379419034632739294e-01 -2.018780122021303081e-01
7.540745265574662071e-01 -1.999391885033873495e-01
7.786501961921719062e-01 -1.999233392872787340e-01
8.047726428057769832e-01 -1.999065104138423588e-01
8.325960920465208526e-01 -1.998885816791730330e-01
8.622960462226895162e-01 -1.998694346405935907e-01
8.940730986789282575e-01 -1.998489558994024640e-01
9.281573499330232346e-01 -1.998269874258383483e-01
9.648143029498371659e-01 -1.998033724860037719e-01
1.004351546678154739e+00 -1.997778766071674761e-01
1.047128160540161002e+00 -1.997503093410802066e-01
1.093565217184224947e+00 -1.997203977792665619e-01
1.144159847891372372e+00 -1.996877826753674090e-01
1.199503948502626205e+00 -1.996521180376652493e-01
1.260306960031139178e+00 -1.996129267058790180e-01
1.327427331350096384e+00 -1.995696803788284124e-01
1.401913057941394536e+00 -1.995216783042394471e-01
1.485057704387253708e+00 -1.994680844137654563e-01
1.578476817460026771e+00 -1.994078861459342711e-01
1.684213909087496797e+00 -1.993397355327672926e-01
1.804893394678582563e+00 -1.992619601103403082e-01
2.334067661337043464e+00 -2.391438409284822042e-01
2.334055704102758977e+00 -2.206330595456995336e-01
2.334043627246084274e+00 -2.021499211885628700e-01
5.499870900155622522e+00 -4.319636566976545189e-02
5.456618309020980995e+00 4.065497449801110566e-07
5.414040468401063677e+00 4.252305433911856419e-02
5.372117490097495285e+00 8.439236998395660549e-02
5.330827718521246261e+00 1.256283218065373519e-01
5.290153467782439556e+00 1.662501733998309750e-01
5.034870227443107638e+00 1.978209759189732964e-01
3.550357489596820848e+00 1.953882704413592575e-01
3.933756543990682530e+00 2.474912910600402249e-01
3.933736487170622631e+00 2.785237903316528096e-01
3.933716318609802531e+00 3.095904993616711565e-01
3.933696275926920727e+00 3.406953328877057041e-01
3.933676281407481934e+00 3.718422024233813961e-01
3.933656179649225759e+00 4.030350301219992049e-01
3.933635974251902923e+00 4.342777738271790811e-01
3.933615826478108257e+00 4.655744352576552947e-01
3.933595580631745747e+00 4.969290083975833050e-01
3.933575237321994322e+00 5.283455325246145806e-01
3.933554951801735200e+00 5.598281003295697555e-01
3.933534560564172722e+00 5.913807951056645473e-01
3.933514288580350016e+00 6.230077921731921320e-01
3.933493805085077177e+00 6.547132195808154087e-01
3.933473165442365360e+00 6.865013023532168246e-01
3.933452572865218766e+00 7.183763368701130414e-01
3.933431907583171849e+00 7.503426094382372735e-01
3.933411195456398612e+00 7.824044788064777878e-01
3.933390605423090047e+00 8.145663840340733319e-01
3.933369980591595372e+00 8.468327519411018578e-01
3.933349071979951539e+00 8.792080385782768959e-01
3.933328002255916722e+00 9.116968355187077266e-01
3.933306797010861278e+00 9.443037753748446672e-01
3.933285846501118233e+00 9.770336452772536706e-01
5.133068224811989211e+00 1.317948393456342071e+00
5.133040445589345246e+00 1.361001495778770609e+00
5.133012512561501595e+00 1.404233808189509825e+00
5.132984474766963956e+00 1.447651833695568602e+00
5.132956240339487941e+00 1.491262138082651845e+00
5.132928031747166386e+00 1.535071484353883520e+00
5.132899467265056082e+00 1.579086568015164005e+00
5.132870928650477893e+00 1.623314428224092110e+00
5.132842187696672553e+00 1.667762039128365625e+00
5.132813767027272434e+00 1.712436742323268701e+00
5.132784670728863574e+00 1.757345507628184533e+00
4.152842829721763884e+00 1.569228981671254797e+00
4.115097791031442576e+00 1.592011711830625842e+00
4.077809019511623667e+00 1.614519248458552880e+00
4.040963906263529637e+00 1.636759334318615977e+00
4.004552000643215592e+00 1.658740194411528757e+00
3.968559274331684872e+00 1.680468205727585929e+00
3.932973438800606569e+00 1.701950032100362886e+00
3.897784360640384360e+00 1.723192886750267938e+00
3.863023579263027418e+00 1.744222475058121002e+00
3.921739078833002878e+00 1.807946939045141921e+00
5.132360818845511652e+00 2.415106288819957037e+00
5.132328764181853131e+00 2.464509785072433790e+00
5.132296856629128712e+00 2.514286910000032016e+00
5.132264239200917899e+00 2.564447712153214987e+00
5.132231938977257713e+00 2.615003424292037248e+00
1.911305703868517503e+00 9.928440547782008130e-01
1.875111608847108702e+00 9.928207301883140712e-01
1.839977325684109655e+00 9.927981329387983722e-01
1.805852449669591797e+00 9.927760215176070213e-01
1.772690510373635231e+00 9.927546209795026222e-01
1.740447265566587687e+00 9.927338268993126658e-01
1.709081304337356499e+00 9.927136472615877283e-01
1.678553399979330729e+00 9.926939446543849854e-01
1.648826898989936618e+00 9.926747634277900412e-01
1.619867080120604763e+00 9.926560525319536588e-01
1.591641338132678385e+00 9.926378634277308599e-01
1.564118655368450739e+00 9.926201097658517991e-01
1.933107914281856576e+00 1.248192254464434603e+00
1.933093932738027210e+00 1.269805662246648481e+00
1.933079726403988730e+00 1.291642871800735559e+00
1.933065533635370814e+00 1.313710277565445450e+00
1.933051229607664734e+00 1.336014223606883267e+00
1.933036524580918902e+00 1.358561130061501476e+00
1.933021931809852489e+00 1.381358183314130628e+00
1.933007002271015073e+00 1.404412109772492645e+00
1.932992070302274046e+00 1.427730417079396963e+00
1.932976698394192061e+00 1.451320283332287575e+00
1.932961397395113856e+00 1.475189832895421382e+00
1.932945706270171593e+00 1.499346716270028468e+00
1.932930084756241174e+00 1.523799552682015390e+00
1.932914015484678005e+00 1.548556479736577174e+00
1.932897873567447133e+00 1.573626625324526573e+00
1.932881418971679421e+00 1.599018931357833351e+00
1.932864900572179190e+00 1.624743055356390187e+00
1.932848122786994916e+00 1.650808620452927533e+00
1.932830988843688091e+00 1.677225672281593027e+00
1.932813664413001176e+00 1.704004845989980144e+00
1.932796200730132918e+00 1.731157064100837362e+00
1.932778348697331339e+00 1.758693377658831158e+00
1.932760430954460595e+00 1.786625769923866569e+00
2.521258801150016549e+00 2.367620145511555751e+00
2.497156327495829498e+00 2.382169203773642163e+00
2.473157358025503516e+00 2.396656760818160148e+00
1.028258655953740996e+00 1.012232579556901158e+00
1.028248368395475731e+00 1.028248604867851856e+00
1.028237856660290106e+00 1.044517815577237663e+00
1.028227184608996536e+00 1.061048390045533862e+00
1.028216350099320664e+00 1.077848770318499794e+00
1.028205357446064561e+00 1.094927751180401643e+00
1.028194123846545960e+00 1.112294397758720299e+00
1.028182710706199154e+00 1.129958311730856702e+00
1.028171144705099405e+00 1.147929464626173957e+00
1.028159325802313839e+00 1.166218112630771131e+00
1.028147329976518254e+00 1.184835157582191600e+00
1.028135075512151442e+00 1.203791797230353344e+00
1.028122619730343024e+00 1.223099890442695070e+00
1.028109982489010976e+00 1.242771785465878187e+00
1.028096978038095521e+00 1.262820140498233989e+00
1.028083800782266355e+00 1.283258667151647936e+00
1.028070394997269821e+00 1.304101403772340850e+00
1.028056663076558186e+00 1.325362996287231532e+00
1.028042660401076835e+00 1.347058989090526904e+00
1.028028347101322515e+00 1.369205553622274696e+00
1.028013777877925472e+00 1.391819781445855275e+00
1.027998857614409456e+00 1.414919408119175603e+00
1.027983664760349081e+00 1.438523302347853861e+00
1.027968066163635230e+00 1.462650995546957544e+00
1.027952167797652638e+00 1.487323371162379004e+00
1.027935861828613850e+00 1.512562093945971187e+00
1.027919195807857289e+00 1.538390208647169688e+00
1.027902124541308693e+00 1.564831859960395866e+00
1.027884663526280828e+00 1.591912602963962753e+00
1.027866772354681268e+00 1.619659319112186857e+00
1.027848431621743552e+00 1.648100431474740279e+00
1.027829585286781366e+00 1.677265921469936583e+00
1.027810266980215603e+00 1.707187650658623213e+00
1.027790468619548037e+00 1.737899279404016450e+00
1.027770132987770868e+00 1.769436387223943363e+00
1.027749199957850967e+00 1.801836697946317178e+00
1.027727700609168515e+00 1.835140412747213290e+00
1.027705606236694935e+00 1.869390131650598752e+00
1.027682851336518821e+00 1.904631084913457117e+00
1.027659457558737000e+00 1.940911578331816267e+00
1.027635417198255574e+00 1.978283023540942542e+00
1.027610575770947721e+00 2.016799965617989354e+00
1.027584939996042612e+00 2.056520961072917153e+00
1.027558420233791292e+00 2.097508402502817670e+00
1.027531097901069446e+00 2.139829409418284811e+00
1.027502943735300045e+00 2.183555656358685759e+00
1.007599665969029168e+00 2.869225024561176340e+00
9.823493056217750263e-01 2.869208826144706403e+00
9.572346337041393038e-01 2.869192623913073614e+00
9.322514768365689486e-01 2.869176382484737609e+00
9.073958529984198496e-01 2.869160428360740145e+00
8.826636045919177276e-01 2.869144317326263405e+00
8.580509048650293291e-01 2.869128426211859484e+00
8.335538908704935857e-01 2.869112820122401430e+00
8.091686090268512821e-01 2.869097021246685308e+00
7.848914119347082385e-01 2.869081384667949930e+00
7.607185569510392931e-01 2.869065726684521422e+00
7.366464626643907110e-01 2.869050244557291851e+00
7.126715195565140881e-01 2.869034827997881454e+00
6.887901559130816809e-01 2.869019289572288134e+00
6.649990005072066168e-01 2.869004062436114832e+00
6.412944923080776682e-01 2.868988578800028666e+00
6.176733697330334394e-01 2.868973360157865304e+00
5.941322392209771319e-01 2.868958160381063216e+00
5.706678363182786651e-01 2.868943129753911414e+00
5.472768743452683937e-01 2.868928116849165821e+00
5.239560974357100331e-01 2.868912901955157135e+00
5.007024045270596080e-01 2.868897902444549342e+00
2.114027325154331782e-01 1.270101923458697213e+00
1.992344294928734272e-01 1.257917880816304734e+00
1.873267621445962039e-01 1.245994884749973775e+00
1.756700065021349344e-01 1.234323112338601147e+00
1.642549146912910263e-01 1.222893261104619267e+00
1.530727048808315782e-01 1.211696678786119419e+00
1.421149613766189146e-01 1.200724782874501795e+00
1.313736932243263766e-01 1.189969661122622036e+00
1.208412553924237132e-01 1.179423607542696040e+00
1.105103594395574068e-01 1.169079367545921011e+00
1.003740420002487005e-01 1.158930027500531201e+00
9.042562936878278945e-02 1.148968784462652604e+00
8.065875525503156396e-02 1.139189309212740309e+00
7.106732419355417385e-02 1.129585515349184499e+00
6.164549259641988188e-02 1.120151446221125058e+00
5.238768339327457002e-02 1.110881756649286123e+00
4.328852665117021575e-02 1.101770885124559562e+00
3.434288432315603379e-02 1.092813653779194150e+00
2.554583281002192896e-02 1.084005273375708622e+00
1.689263795020329306e-02 1.075340871091916561e+00
8.378760830477593666e-03 1.066816090465052103e+00
-1.645536540604256574e-07 1.058426380157457825e+00
-8.248329357989327842e-03 1.050167474371847876e+00
-1.636976673165327703e-02 1.042035634734712835e+00
-2.436835185989997404e-02 1.034026699877196531e+00
-3.224781703695701190e-02 1.026137042117484022e+00
-4.001175554964006564e-02 1.018363093486896354e+00
-4.766362560520900210e-02 1.010701348491825247e+00
-5.520676085205369898e-02 1.003148485802937584e+00
