2.558749484743381153e+00 -1.228693839453685932e+00
2.512262499566724649e+00 -1.182180838264116796e+00
2.467757641606038721e+00 -1.137651698941088529e+00
2.425107727383274181e+00 -1.094977971315707954e+00
2.384193275344849372e+00 -1.054040669558606647e+00
2.344905852033849936e+00 -1.014731225787171898e+00
2.323900028151227648e+00 -9.840443899068588296e-01
2.323906081171493554e+00 -9.625932687600108340e-01
2.323912141649638663e+00 -9.412811767919662120e-01
2.323917888385590214e+00 -9.201040341062677319e-01
2.323923794554006772e+00 -8.990581628677695170e-01
2.323929804350012063e+00 -8.781397482271663391e-01
2.323935551026483637e+00 -8.573449397063243049e-01
2.323941476504338244e+00 -8.366702652096170700e-01
2.323947045670039735e+00 -8.161119651976594946e-01
2.323952765006072507e+00 -7.956667243404698109e-01
2.323958615827526941e+00 -7.753311003851242056e-01
2.323964275891320153e+00 -7.551016167545980817e-01
2.323969799512479284e+00 -7.349749883554947960e-01
2.323975396429114326e+00 -7.149480348396162199e-01
2.323980978578750189e+00 -6.950175361543647901e-01
2.323986616132223570e+00 -6.751803756340409857e-01
7.280169760158433645e-01 -2.053219748352718144e-01
7.333106845782348948e-01 -2.006110543858078687e-01
7.566331579314993228e-01 -2.006175971521172441e-01
7.813812111091461565e-01 -2.006245445582912346e-01
8.076929753305904791e-01 -2.006319245907559334e-01
8.357251158397641655e-01 -2.006397936222106548e-01
8.656558182693095960e-01 -2.006481877642113942e-01
8.976888362877138983e-01 -2.006571687703519735e-01
9.320582014646150437e-01 -2.006668185277627192e-01
9.690337727108654375e-01 -2.006771823847361413e-01
1.008928914486919792e+00 -2.006883713680005510e-01
1.052109148244040560e+00 -2.007004832282582307e-01
1.099003711799703797e+00 -2.007136428924575500e-01
1.150119985044372184e+00 -2.007279927253154128e-01
1.206062028255204588e+00 -2.007436813580667223e-01
1.267555134565765851e+00 -2.007609242794987925e-01
1.335477660996876592e+00 -2.007799927451694444e-01
1.410903114792824820e+00 -2.008011522494225209e-01
1.495158438665387113e+00 -2.008247819425413305e-01
1.589903050077778213e+00 -2.008513542207989722e-01
1.697239944206692996e+00 -2.008814674836143233e-01
1.819874362490659259e+00 -2.009158733106354011e-01
2.324109076374049732e+00 -2.381235045013459506e-01
2.324114335513836505e+00 -2.196933242326176983e-01
2.324119412679662933e+00 -2.012903917568754364e-01
5.484912026200902346e+00 -4.307887764121232088e-02
5.441856861114486854e+00 4.054499314065647855e-07
5.399472112051334705e+00 4.240863129180172386e-02
5.357737855621802936e+00 8.416647555124108504e-02
5.316633356343849037e+00 1.252938120467743388e-01
5.276139943095565776e+00 1.658097795769817862e-01
4.917672540039365714e+00 1.932162572568541792e-01
3.540800399043623869e+00 1.948623111825769361e-01
3.924247423537540858e+00 2.468930271686489986e-01
3.924256141026537748e+00 2.778525450791254903e-01
3.924264829749954941e+00 3.088466503093161286e-01
3.924273485980078746e+00 3.398792300845187020e-01
3.924282266196017943e+00 3.709542057871712539e-01
3.924290774332705567e+00 4.020754682687349701e-01
3.924299485199986837e+00 4.332470150819957011e-01
3.924308319502209041e+00 4.644728184513590707e-01
3.924317118489844880e+00 4.957568652788723607e-01
3.924325879863151734e+00 5.271031877371713525e-01
3.924334520070703380e+00 5.585158377977250677e-01
3.924343345337367062e+00 5.899989569432877445e-01
3.924352341862900495e+00 6.215566815942836776e-01
3.924361176552321862e+00 6.531931326234682311e-01
3.924369902584786907e+00 6.849125278670208372e-01
3.924378955672569003e+00 7.167191993401009764e-01
3.924387744728217164e+00 7.486173423136969207e-01
3.924396762567630148e+00 7.806113958269459419e-01
3.924405941941287335e+00 8.127057488777162941e-01
3.924414658297861180e+00 8.449047206956449285e-01
3.924423594410930249e+00 8.772129571646449797e-01
3.924432869326033302e+00 9.096350536029758072e-01
3.924442041322508068e+00 9.421755350172277277e-01
3.924451036871521303e+00 9.748390663438628589e-01
5.124548821073505067e+00 1.315760981565717413e+00
5.124560608046523136e+00 1.358753106797214949e+00
5.124572672148746122e+00 1.401924928323288411e+00
5.124585057224959606e+00 1.445282952147917133e+00
5.124597208291094219e+00 1.488833613968843173e+00
5.124609345758053713e+00 1.532583668906209118e+00
5.124621541750970621e+00 1.576539944791061076e+00
5.124633718280997563e+00 1.620709339838475982e+00
5.124646552446592729e+00 1.665099114990665319e+00
5.124658748988957235e+00 1.709716021650948825e+00
5.124671573270935809e+00 1.754567772678197857e+00
4.143855278455131241e+00 1.565832868093125274e+00
4.106239919312662856e+00 1.588584858755852203e+00
4.069078089347477167e+00 1.611062427714983203e+00
4.032358067993030204e+00 1.633273610009857935e+00
3.996068960987600782e+00 1.655226403394382428e+00
3.960196302878916441e+00 1.676926943858906505e+00
3.924729125237107485e+00 1.698382398107309177e+00
3.889655981046941768e+00 1.719599366791168871e+00
3.855008853341218344e+00 1.740603686614971668e+00
3.912912498076682954e+00 1.803877828545987549e+00
5.124855656674186299e+00 2.411574626686611378e+00
5.124869624398824541e+00 2.460927956271482753e+00
5.124883634962178469e+00 2.510655209278342959e+00
5.124897684382527352e+00 2.560766852444905428e+00
5.124911515069517698e+00 2.611273481098973726e+00
1.907941859553046848e+00 9.910966771488373128e-01
1.871874530500137856e+00 9.911067850167557536e-01
1.836860818281654817e+00 9.911165563849694271e-01
1.802851202081452442e+00 9.911260713011940116e-01
1.769799042846826431e+00 9.911353209765672023e-01
1.737660556500332465e+00 9.911443157371356838e-01
1.706394681590185591e+00 9.911531322296863733e-01
1.675962434277708413e+00 9.911616514530847688e-01
1.646327401664088752e+00 9.911699432928539055e-01
1.617455100704594306e+00 9.911779893036380962e-01
1.589313161829690513e+00 9.911858805621737156e-01
1.561870800382276547e+00 9.911935772867104255e-01
1.541021492683735561e+00 9.950252010869403696e-01
1.924529421887287706e+00 1.264179828867078470e+00
1.924535479432682994e+00 1.285933787201352985e+00
1.924541739855560651e+00 1.307917511982725545e+00
1.924547893403647292e+00 1.330137204962641650e+00
1.924554250093961194e+00 1.352599686360901110e+00
1.924560552313614448e+00 1.375311590868947498e+00
1.924566947884484014e+00 1.398280049943606107e+00
1.924573396110150769e+00 1.421512286441284134e+00
1.924580046765725916e+00 1.445015897547093253e+00
1.924586657928188060e+00 1.468798432357673489e+00
1.924593352773612542e+00 1.492867965342069336e+00
1.924600225514254026e+00 1.517232819675505828e+00
1.924607146918709821e+00 1.541901421600985866e+00
1.924614131454905452e+00 1.566882597446034087e+00
1.924621139124322200e+00 1.592185432041944182e+00
1.924628431728933275e+00 1.617819578423387084e+00
1.924635645443449894e+00 1.643794500598310782e+00
1.924643060480264012e+00 1.670120548381363701e+00
1.924650494456779048e+00 1.696808041962693414e+00
1.924658015748699436e+00 1.723867895995971677e+00
1.924665745261947336e+00 1.751311474841574123e+00
1.924673490310334412e+00 1.779150277191688945e+00
2.516805185224939123e+00 2.363437920830862904e+00
2.492764505291405364e+00 2.377979612802251452e+00
2.468826826323559764e+00 2.392460182687892178e+00
1.026201855917843631e+00 1.010207836080233790e+00
1.019459739967176759e+00 1.019459974418379655e+00
1.019464249074637729e+00 1.035605296581036949e+00
1.019468843677081793e+00 1.052010481221121729e+00
1.019473473349845394e+00 1.068683871362596571e+00
1.019478260339384379e+00 1.085634334510131582e+00
1.019483075504854730e+00 1.102870836541680610e+00
1.019487936945481232e+00 1.120402877879226766e+00
1.019492990178589853e+00 1.138240504445895196e+00
1.019498015014615122e+00 1.156393781647967245e+00
1.019503207590996885e+00 1.174873686292816410e+00
1.019508449003030615e+00 1.193691312890514222e+00
1.019513839239748254e+00 1.212858506513554868e+00
1.019519289167637011e+00 1.232387418560358050e+00
1.019524886456684376e+00 1.252290968516949876e+00
1.019530568801214621e+00 1.272582485829180099e+00
1.019536330962456994e+00 1.293275992456307311e+00
1.019542272310063780e+00 1.314386307099623119e+00
1.019548278006386477e+00 1.335928678450425622e+00
1.019554433512782188e+00 1.357919357498345025e+00
1.019560703741933638e+00 1.380375230750447102e+00
1.019567120362314672e+00 1.403314114403348078e+00
1.019573678004378481e+00 1.426754669892277949e+00
1.019580371772856875e+00 1.450716510464361120e+00
1.019587229858929245e+00 1.475220310257082890e+00
1.019594274171616410e+00 1.500287817153198366e+00
1.019601414351064994e+00 1.525941765614894807e+00
1.019608804232432497e+00 1.552206482957719347e+00
1.019616329137438715e+00 1.579107211283185430e+00
1.019624019901867351e+00 1.606670815947762954e+00
1.019631928753539807e+00 1.634925705021216480e+00
1.019640009372213774e+00 1.663901744383165404e+00
1.019648370156323036e+00 1.693630781349817482e+00
1.019656835430255315e+00 1.724146052758906533e+00
1.019665612784570907e+00 1.755483429759762570e+00
1.019674661336898769e+00 1.787680520537652473e+00
1.019683976768259059e+00 1.820777305981985394e+00
1.019693501875435615e+00 1.854816163448226751e+00
1.019703262825713219e+00 1.889842308100909252e+00
1.019713373342061580e+00 1.925904032062371707e+00
1.019723698365900377e+00 1.963052311567478503e+00
1.019734402704107090e+00 2.001342100600895346e+00
1.019745479715293834e+00 2.040831733094429445e+00
1.019756938328941542e+00 2.081583591294834612e+00
1.019768649263630200e+00 2.123664141118940307e+00
1.019780799234401014e+00 2.167145258308769584e+00
9.820447960145998190e-01 2.868319425961336488e+00
9.569456450471981457e-01 2.868326416095579923e+00
9.319776255192261383e-01 2.868333554394297824e+00
9.071365377601495750e-01 2.868340480795785297e+00
8.824184486496898794e-01 2.868347425084595947e+00
8.578193929734185819e-01 2.868354302735664163e+00
8.333354502548632192e-01 2.868360942196324981e+00
8.089629402633389255e-01 2.868367774424485095e+00
7.846980827285957583e-01 2.868374691719172809e+00
7.605371388323247661e-01 2.868381504508202173e+00
7.364764717646501424e-01 2.868388173323406676e+00
7.125125388925934722e-01 2.868394812157132989e+00
6.886418281992900958e-01 2.868401459790034469e+00
6.648608594255159820e-01 2.868408080601168475e+00
6.411662372062999493e-01 2.868414798069667704e+00
6.175545426779003311e-01 2.868421431464889260e+00
5.940224404020493232e-01 2.868427961551966998e+00
5.705666702749198071e-01 2.868434533322524516e+00
5.471839947029325524e-01 2.868441224327535011e+00
5.238711139342882017e-01 2.868447576205775285e+00
5.006249724196847328e-01 2.868454236090201448e+00
4.774423222425774327e-01 2.868460613566644835e+00
2.008163007144507239e-01 1.267905432163909385e+00
1.888180029993934139e-01 1.255913801063560875e+00
1.770720621693606944e-01 1.244174479394940525e+00
1.655691769405037983e-01 1.232678066940762207e+00
1.543005005994258216e-01 1.221415694306271726e+00
1.432576158195248972e-01 1.210379033873612897e+00
1.324324700344462202e-01 1.199559954666333583e+00
1.218173881340113562e-01 1.188950767747918524e+00
1.114050626186138954e-01 1.178544353742846384e+00
1.011884659991170998e-01 1.168333458991347440e+00
9.116091822043841109e-02 1.158311533238779445e+00
8.131601374582793362e-02 1.148472143341994212e+00
7.164762891500307818e-02 1.138809217173839539e+00
6.214989178494371991e-02 1.129316811873999349e+00
5.281717992999074990e-02 1.119989238337306459e+00
4.364412190029094002e-02 1.110821423978120670e+00
3.462553681471598060e-02 1.101807845971815247e+00
2.575647776038564318e-02 1.092943726809673333e+00
1.703218900881344269e-02 1.084224324189650757e+00
8.448103406119086486e-03 1.075645054191949557e+00
-1.659179405933436790e-07 1.067201614379869934e+00
-8.316834838866445437e-03 1.058889510642583076e+00
-1.650595758421580239e-02 1.050705014318518371e+00
-2.457143332490481502e-02 1.042644092562285740e+00
-3.251701468924237531e-02 1.034703007446067247e+00
-4.034631164277938803e-02 1.026878080476946620e+00
-4.806280664460040042e-02 1.019165933585435058e+00
-5.566984831459265842e-02 1.011563134292915001e+00
-6.317066573266032214e-02 1.004066436418778130e+00
-7.124815203758480542e-02 1.006273585760958156e+00
