2.315756249864683092e+00 -1.654863706406649593e+00
2.277000064491053077e+00 -1.600302302404808863e+00
2.239924125073196048e+00 -1.548106688358259486e+00
2.204417239593960964e+00 -1.498120268070275207e+00
2.170378902687887912e+00 -1.450200680381721563e+00
2.137714990559659967e+00 -1.404216148959396948e+00
2.108261125030924887e+00 -1.361286830766854639e+00
2.110255419585871373e+00 -1.339208677748191745e+00
2.113799174515915702e+00 -1.318284684939605933e+00
2.117320291377130292e+00 -1.297495408838785780e+00
2.120819279712289784e+00 -1.276836924548024887e+00
2.124296755446126728e+00 -1.256305464355453205e+00
2.127753240496777831e+00 -1.235897291593621050e+00
2.131189577909352817e+00 -1.215608938485229329e+00
2.134606109952934094e+00 -1.195436725431304970e+00
2.138003505472521493e+00 -1.175377238234886379e+00
2.141382560025764548e+00 -1.155427199983986242e+00
2.144743568944720735e+00 -1.135583129489161625e+00
2.148087165598332238e+00 -1.115841798786951777e+00
2.151413906029207013e+00 -1.096200001433556892e+00
2.154724269646821622e+00 -1.076654553778491286e+00
2.158018874044893565e+00 -1.057202401114899493e+00
6.642237539659890944e-01 -3.189556614991019834e-01
6.652270205558928895e-01 -3.130320326527722963e-01
6.848874799472917108e-01 -3.157374095449789198e-01
7.079212382303100570e-01 -3.196386504962134278e-01
7.323780943213576977e-01 -3.237809219963027618e-01
7.583974688083636728e-01 -3.281878428041426488e-01
7.861375336504206057e-01 -3.328861914509040343e-01
8.157786118807842657e-01 -3.379065130717214815e-01
8.475271195603055752e-01 -3.432837714323122569e-01
8.816205000425818561e-01 -3.490581929310280218e-01
9.183331103336911383e-01 -3.552762276508743544e-01
9.579839641915685045e-01 -3.619919136740608612e-01
1.000946081655883280e+00 -3.692684410492781955e-01
1.047658194603420245e+00 -3.771800918353443999e-01
1.098640415122444036e+00 -3.858149822741072099e-01
1.154513361034292362e+00 -3.952781992877816286e-01
1.216024454757671291e+00 -4.056963717775848854e-01
1.284081213940974964e+00 -4.172231951883845213e-01
1.359796846924343772e+00 -4.300471856147678462e-01
1.444552645403158531e+00 -4.444023274257838385e-01
1.540082756284679277e+00 -4.605823079504735573e-01
1.648595571434783524e+00 -4.789611822474556524e-01
1.772947105374588661e+00 -5.000226820893078905e-01
2.233585918752468036e+00 -6.110398166091651762e-01
2.236635595130223919e+00 -5.930330360178908133e-01
5.408656071319508207e+00 -9.877956294153060757e-01
5.373112789635389852e+00 -9.377579374108706567e-01
5.338129223634313192e+00 -8.885079596342946306e-01
5.303688054852091938e+00 -8.400213031735372926e-01
5.269772428669734943e+00 -7.922744804336178115e-01
5.236365975925977523e+00 -7.452448793551669226e-01
5.203454251531866248e+00 -6.989109236775281619e-01
4.667357960761393088e+00 -5.896241075871214710e-01
3.879094138033350792e+00 -4.591207775983902617e-01
3.887182040461839350e+00 -4.291486217257026170e-01
3.892322230121778137e+00 -3.987994451323769729e-01
3.897467946472530809e+00 -3.684189181946236902e-01
3.902619409229963310e+00 -3.380031961680275976e-01
3.907777476414679985e+00 -3.075484802466499357e-01
3.912942932778889382e+00 -2.770509400885622364e-01
3.918116251233683567e+00 -2.465066998689006139e-01
3.923298067802332145e+00 -2.159118748617452066e-01
3.928489181645184569e+00 -1.852625631405691586e-01
3.933690078407445778e+00 -1.545548185549547593e-01
3.938901644069952024e+00 -1.237846836087664881e-01
3.944124449845250791e+00 -9.294815496152486478e-02
3.949359227929702065e+00 -6.204120135197244146e-02
3.954606394109035250e+00 -3.105975157982215212e-02
3.959867000579822882e+00 2.950330824091904187e-07
3.965141781538700894e+00 3.114308812849997041e-02
3.970431152209498826e+00 6.237281582369302163e-02
3.975735923161987984e+00 9.369371106056960385e-02
3.981057060735051500e+00 1.251100616820598199e-01
3.986394970960519313e+00 1.566261905332907434e-01
3.991750451813948608e+00 1.882464804804363234e-01
3.997124453335952676e+00 2.199753788075197170e-01
4.002517600041196388e+00 2.518173753884134225e-01
4.007930665914382296e+00 2.837770257610344182e-01
4.013364334916198928e+00 3.158589404856051441e-01
5.254030809911205857e+00 4.550488014896793554e-01
5.261192073889757737e+00 4.973294974409085967e-01
5.268383092613629692e+00 5.397886448263786718e-01
5.275605912443819712e+00 5.824327432030164120e-01
5.282861027329630588e+00 6.252682386489675226e-01
5.290149748490582837e+00 6.683017648626585760e-01
5.297472780172264528e+00 7.115399879780294201e-01
5.304832108348284336e+00 7.549898547683019379e-01
5.312228161492756229e+00 7.986582208840966590e-01
5.319662642235157612e+00 8.425522407448186035e-01
5.327136164709725286e+00 8.866790294759510083e-01
4.326874471674958755e+00 8.606692251708740748e-01
4.293781043795389607e+00 8.891996878866416099e-01
4.261084152004193548e+00 9.173877963424139637e-01
4.228774003153962013e+00 9.452433610303156986e-01
4.196841612017853329e+00 9.727760346087097609e-01
4.165273699965684528e+00 9.999941228424553685e-01
4.134060146317811935e+00 1.026906259087508655e+00
4.103192118387599230e+00 1.053521056730106986e+00
4.072703546839385957e+00 1.079858161623252100e+00
4.135792245093134589e+00 1.131425119263858470e+00
5.436654488769841365e+00 1.533295664252757762e+00
5.444883904191699209e+00 1.581885531921016330e+00
5.453176655892066016e+00 1.630846162624808970e+00
5.461533520356108617e+00 1.680187636200504597e+00
5.469956871991584535e+00 1.729920747179596319e+00
2.041869373156751433e+00 6.634437812197359063e-01
2.006529998092980716e+00 6.694292544532137734e-01
1.972216668573404386e+00 6.752408926000664779e-01
1.938881505349008716e+00 6.808869215810713360e-01
1.906479003194202271e+00 6.863748743767662530e-01
1.874967034618540973e+00 6.917120555233337020e-01
1.844305603448429087e+00 6.969052099146915147e-01
1.814456951535673657e+00 7.019606493320429408e-01
1.785385772309991070e+00 7.068844277713979274e-01
1.757058644683850313e+00 7.116822135366925872e-01
1.729443915907508567e+00 7.163593173057766217e-01
1.702511804424882147e+00 7.209208076383635255e-01
1.676234061292750877e+00 7.253714419426449123e-01
2.087703734576409342e+00 9.229644054687997645e-01
2.091311308998996310e+00 9.442635056851412800e-01
2.094956876167726634e+00 9.657885941830904875e-01
2.098642028194981801e+00 9.875462266146127766e-01
2.102367553147096668e+00 1.009542771832888208e+00
2.106134729098716463e+00 1.031785013220646086e+00
2.109944669442379350e+00 1.054279851569730919e+00
2.113798744989800582e+00 1.077034518731058599e+00
2.117697937955044907e+00 1.100056261674484892e+00
2.121643686185497479e+00 1.123352777391856350e+00
2.125637237683320357e+00 1.146931894985476541e+00
2.129680065349131013e+00 1.170801802090480903e+00
2.133773646813578395e+00 1.194970941403630471e+00
2.137919249460997317e+00 1.219447897163490335e+00
2.142118751736815430e+00 1.244241870475894407e+00
2.146373184398465028e+00 1.269361858340129601e+00
2.150684783736242167e+00 1.294817855173863386e+00
2.155054718104124856e+00 1.320619534600536493e+00
2.159485126491049289e+00 1.346777474741203351e+00
2.163977675920853549e+00 1.373302307232833419e+00
2.168534163137696424e+00 1.400205092520939498e+00
2.173156699609639642e+00 1.427497461649487764e+00
2.862322933625184085e+00 1.912543473251497428e+00
2.841119526158653930e+00 1.930823273377200833e+00
2.820006564521633674e+00 1.949026918252113383e+00
2.798979706315208205e+00 1.967156328644745100e+00
2.778035965046645739e+00 1.985214265140389678e+00
1.155706289452203661e+00 8.396699579153130699e-01
1.158406538742483338e+00 8.556125377419044886e-01
1.161151104103034237e+00 8.718171050889464979e-01
1.163941521490870157e+00 8.882922860756864436e-01
1.166779192119793862e+00 9.050469160319455364e-01
1.169665938072926181e+00 9.220904818436216344e-01
1.172603141402059235e+00 9.394324725418800037e-01
1.175592578487378637e+00 9.570830447587532763e-01
1.178636120336141957e+00 9.750528155018982623e-01
1.181735625654187993e+00 9.933527948489855319e-01
1.184892927933754336e+00 1.011994391430159235e+00
1.188110182515016655e+00 1.030989730149919126e+00
1.191389483324631016e+00 1.050351355862969349e+00
1.194733026836160894e+00 1.070092396881102026e+00
1.198143180176110434e+00 1.090226656296631846e+00
1.201622370044009624e+00 1.110768545161820775e+00
1.205173148875593236e+00 1.131733174240557860e+00
1.208798170592028987e+00 1.153136367097169046e+00
1.212500422803217681e+00 1.174994921522596769e+00
1.216282597346103556e+00 1.197326046178405656e+00
1.220148005221247445e+00 1.220148285825921164e+00
1.224099858687229370e+00 1.243480875716106437e+00
1.228141580145008627e+00 1.267344090748169894e+00
1.232276847734412151e+00 1.291759350932510486e+00
1.236509309900514886e+00 1.316748982290748771e+00
1.240843120890316786e+00 1.342336840732356595e+00
1.245282484164456083e+00 1.368547903774814944e+00
1.249831931607052971e+00 1.395408641363776070e+00
1.254496033627877649e+00 1.422946774809091153e+00
1.259279980631520690e+00 1.451192013819384785e+00
1.264188891197454589e+00 1.480175371524172112e+00
1.269228457485172434e+00 1.509930000085036861e+00
1.274404563516030153e+00 1.540490863606227556e+00
1.279723446586389146e+00 1.571895042139911602e+00
1.285191919334783384e+00 1.604182137861451141e+00
1.290817056654689932e+00 1.637394038178808353e+00
1.296606260011180511e+00 1.671575137337762307e+00
1.302567818155919710e+00 1.706773226377997998e+00
1.308710066540635930e+00 1.743038600288913997e+00
1.315042289967330857e+00 1.780425430087700711e+00
1.321574299639166838e+00 1.818991443405231889e+00
1.328316303904541806e+00 1.858797976620299330e+00
1.335279600091529462e+00 1.899911194416934901e+00
1.342476396296083951e+00 1.942402168111438288e+00
1.349919229030045242e+00 1.986346358310095095e+00
1.440142394711363849e+00 2.669052974954023494e+00
1.415408397531517037e+00 2.673242119878009415e+00
1.390802511976751532e+00 2.677409665426989438e+00
1.366320654362539910e+00 2.681556139760608914e+00
1.341958881193448860e+00 2.685682186119734638e+00
1.317713487284332130e+00 2.689788782073652573e+00
1.293580474428521532e+00 2.693876173952951092e+00
1.269556187244218481e+00 2.697945159791606873e+00
1.245636890020336507e+00 2.701996236167313992e+00
1.221819070941028373e+00 2.706030246876625522e+00
1.198099137196555919e+00 2.710047737223302722e+00
1.174473519530782051e+00 2.714049169654203730e+00
1.150938859502435907e+00 2.718035363583181319e+00
1.127491628573960902e+00 2.722006622293238642e+00
1.104128504652909681e+00 2.725963610252835512e+00
1.080846180463469031e+00 2.729906917508811759e+00
1.057641364714037913e+00 2.733837060213791137e+00
1.034510867529608191e+00 2.737754704196448063e+00
1.011451427786303814e+00 2.741660221430520128e+00
9.884599652778496282e-01 2.745554360234971014e+00
9.655332482111996795e-01 2.749437352332909867e+00
9.426682980564730086e-01 2.753310034864330902e+00
9.198619867752734214e-01 2.757172729177890247e+00
8.971112765891141594e-01 2.761025915437039124e+00
3.859319243291624013e-01 1.220306001694138942e+00
3.724741089921584369e-01 1.210746616951651644e+00
3.592888994045743689e-01 1.201380930501074085e+00
3.463664642997231757e-01 1.192201816903523337e+00
3.336975040824900485e-01 1.183202739552585925e+00
3.212731598526577526e-01 1.174377535937911610e+00
3.090848413119535731e-01 1.165719853607994017e+00
2.971244966557112233e-01 1.157224195051087312e+00
2.853843160622236419e-01 1.148884892518770906e+00
2.738568735679500765e-01 1.140696692749417540e+00
2.625350530984879582e-01 1.132654535265396278e+00
2.514120632598206284e-01 1.124753676690652515e+00
2.404813461306548883e-01 1.116989349827321121e+00
2.297366474196404773e-01 1.109357119245673484e+00
2.191720002427358927e-01 1.101852889392777035e+00
2.087815970554907918e-01 1.094472326808539453e+00
1.985599460531575766e-01 1.087211684015797708e+00
1.885017223752598059e-01 1.080067103812642815e+00
1.786018285115577864e-01 1.073034975596683038e+00
1.688553634218489252e-01 1.066111823447045692e+00
1.592576325441408813e-01 1.059294428813222888e+00
1.498040681732627499e-01 1.052579363719431838e+00
1.404903148221126608e-01 1.045963583916659667e+00
1.313121671686699743e-01 1.039444079637542595e+00
1.222655946825190743e-01 1.033018115799471337e+00
1.133466896228204346e-01 1.026682880944258747e+00
1.045516803138269307e-01 1.020435608434729469e+00
9.587693878754843801e-02 1.014273698216423103e+00
8.731898277886127047e-02 1.008194838990078335e+00
7.944355748013320895e-02 1.009428060479157008e+00
