2.607157813829016568e+00 -1.251939184916542880e+00
2.559523451802962590e+00 -1.204420151290296115e+00
2.513930582997170760e+00 -1.158937713553342963e+00
2.470244561653306192e+00 -1.115358030585875682e+00
2.428345059199954470e+00 -1.073559966210473338e+00
2.388118810125014591e+00 -1.033431139856517023e+00
2.349462945365985433e+00 -9.948688853542156929e-01
2.344818519752045916e+00 -9.712554831128599186e-01
2.344792526490920626e+00 -9.497386020375349069e-01
2.344766515572504151e+00 -9.283585882263288847e-01
2.344740772670435902e+00 -9.071116429972275741e-01
2.344715274163889696e+00 -8.859939214448668832e-01
2.344689908581695015e+00 -8.650016251161055658e-01
2.344664477796110091e+00 -8.441310034261431117e-01
2.344639373088503120e+00 -8.233785920450567009e-01
2.344614457762433268e+00 -8.027408015946775333e-01
2.344589514309301848e+00 -7.822140875058360976e-01
2.344564925785932896e+00 -7.617951723324484226e-01
2.344540321608521438e+00 -7.414805889193131216e-01
2.344515709325332153e+00 -7.212670588545460060e-01
2.344491481231876673e+00 -7.011514757823824606e-01
2.344467046868899729e+00 -6.811304894694424350e-01
2.344442888567217942e+00 -6.612011252861974553e-01
7.477874836365966393e-01 -2.045714575059393858e-01
7.525422284258790340e-01 -1.995329071158255252e-01
7.770141274524586805e-01 -1.995032683396997797e-01
8.030224910638740221e-01 -1.994717705770124583e-01
8.307202310386652133e-01 -1.994382274199236471e-01
8.602812397824408652e-01 -1.994024277165948600e-01
8.919040865655352146e-01 -1.993641243941986496e-01
9.258166642055747353e-01 -1.993230511294113994e-01
9.622816755603176286e-01 -1.992788907363766127e-01
1.001603489130844293e+00 -1.992312541586714336e-01
1.044137132284285174e+00 -1.991797403869887406e-01
1.090298789958514369e+00 -1.991238424622314429e-01
1.140579749350471239e+00 -1.990629556979923720e-01
1.195564161806725423e+00 -1.989963579966623763e-01
1.255952285970658888e+00 -1.989232143884598070e-01
1.322590532032372312e+00 -1.988425004638925131e-01
1.396511871817445405e+00 -1.987529760554235525e-01
1.478989962255567558e+00 -1.986530851742419612e-01
1.571614005385850943e+00 -1.985409118365299153e-01
1.676392463573058489e+00 -1.984140069944150819e-01
1.795901709569574178e+00 -1.982692694590262317e-01
2.343932798589371647e+00 -2.401546028926221099e-01
2.343910436119922558e+00 -2.215646052976401881e-01
2.343887794415151493e+00 -2.030025177699480710e-01
5.512840470841852358e+00 -4.329822957313932824e-02
5.469436645507797401e+00 4.075047854712462072e-07
5.426711071395247998e+00 4.262257201778679727e-02
5.384642933642287410e+00 8.458913631823609947e-02
5.343211079156731991e+00 1.259201528123596037e-01
5.302397369738218735e+00 1.666349544530906779e-01
5.109298103722330175e+00 2.007452608470893796e-01
3.559975285029484127e+00 1.959175704965095688e-01
3.943344901165564576e+00 2.480945401095985825e-01
3.943307206129968545e+00 2.792014343297827828e-01
3.943269298372282350e+00 3.103423359293124295e-01
3.943231654793218688e+00 3.415211869570563552e-01
3.943193724061904160e+00 3.727418663979655822e-01
3.943155827106429090e+00 4.040083461730740177e-01
3.943117968260362094e+00 4.353245964809248636e-01
3.943079835758987794e+00 4.666945753451949841e-01
3.943041748623302922e+00 4.981223377058411339e-01
3.943003707596762997e+00 5.296119351857231372e-01
3.942965395757723535e+00 5.611674056215235629e-01
3.942927122440980536e+00 5.927929043995483482e-01
3.942888641187205945e+00 6.244925445580012946e-01
3.942850092706590370e+00 6.562705336368553910e-01
3.942811766399051177e+00 6.881311499330211578e-01
3.942772925273487772e+00 7.200785362731463302e-01
3.942734153908688643e+00 7.521171086403384276e-01
3.942695009063399425e+00 7.842511449660982681e-01
3.942655893723132188e+00 8.164851338213924281e-01
3.942616650365085462e+00 8.488235086838472609e-01
3.942577494590549403e+00 8.812708362588679289e-01
3.942538081142584083e+00 9.138316180161339952e-01
3.942498434479657199e+00 9.465104931346332018e-01
3.942458480814052812e+00 9.793121403293063576e-01
5.142048561269274565e+00 1.320254152797191383e+00
5.141995943113915501e+00 1.363376003763965949e+00
5.141943565484384138e+00 1.406677068638680916e+00
5.141891014830217266e+00 1.450163738634661081e+00
5.141838198413587691e+00 1.493842586301525888e+00
5.141784880847663608e+00 1.537720244751712428e+00
5.141731594035824138e+00 1.581803685862429809e+00
5.141677805903331233e+00 1.626099678644545410e+00
5.141623743749269337e+00 1.670615340533989412e+00
5.141569476393718752e+00 1.715357868844656242e+00
5.141514912166019968e+00 1.760334538252747549e+00
4.160667070962917435e+00 1.572185516897517621e+00
4.122821189873697278e+00 1.594999670327944319e+00
4.085433343181600563e+00 1.617537932576115667e+00
4.048491362992328035e+00 1.639808269015964326e+00
4.011983911683422832e+00 1.661818593583696213e+00
3.975896962872439211e+00 1.683575316254074306e+00
3.940219104688968521e+00 1.705085512541097081e+00
3.904938887265044567e+00 1.726355870703965900e+00
3.870091766140388856e+00 1.747413884625379499e+00
3.942383222697793510e+00 1.817464022145086844e+00
5.140717242009308130e+00 2.419038524071387641e+00
5.140657485004533456e+00 2.468509180845339657e+00
5.140596907205059019e+00 2.518353063829080973e+00
5.140535937581822701e+00 2.568580846574960219e+00
5.140474744794673256e+00 2.619203344657017762e+00
1.913359893720640637e+00 9.939111212228507464e-01
1.877088032390335171e+00 9.938671928394379185e-01
1.841879375075024416e+00 9.938244233488474633e-01
1.807684119534208378e+00 9.937829907864752510e-01
1.774454929622728327e+00 9.937427434705025098e-01
1.742147539157101521e+00 9.937036460611343713e-01
1.710720099887927281e+00 9.936655356849145582e-01
1.680133569945074123e+00 9.936284547846778725e-01
1.650351067417286322e+00 9.935923876695890167e-01
1.621337645573231567e+00 9.935572164083662505e-01
1.593060577899251928e+00 9.935229818874184993e-01
1.565488626004586381e+00 9.934895197678036416e-01
1.942121940866339935e+00 1.254012539033735996e+00
1.942095646334445425e+00 1.275718684216804011e+00
1.942069017213037929e+00 1.297649325252943520e+00
1.942042078780527037e+00 1.319810732727999758e+00
1.942015085553511877e+00 1.342209527103545241e+00
1.941987533242699238e+00 1.364852005732034801e+00
1.941959724603723680e+00 1.387745225806204408e+00
1.941931775826441386e+00 1.410896338770883496e+00
1.941903422384040789e+00 1.434312445334925412e+00
1.941874594280860844e+00 1.458001014036402809e+00
1.941845592124608055e+00 1.481970037485163427e+00
1.941816314107876584e+00 1.506227466561999240e+00
1.941786446373837460e+00 1.530781346787095654e+00
1.941756390898886631e+00 1.555640559853044502e+00
1.941725754533128123e+00 1.580813651976458178e+00
1.941695017242260013e+00 1.606310175585085931e+00
1.941663668562467748e+00 1.632139194208972022e+00
1.941631860337377224e+00 1.658310642726182449e+00
1.941599833347433357e+00 1.684834889643492595e+00
1.941567186522262789e+00 1.711722115568676150e+00
1.941534129310603873e+00 1.738983407500093170e+00
1.941500741996416091e+00 1.766630146685023384e+00
2.549721117916257995e+00 2.356938491926115820e+00
2.525458843391788832e+00 2.371564248599697056e+00
2.501304389594398714e+00 2.386126259116053028e+00
1.044015807535901841e+00 1.011721933265739004e+00
1.037402245423968195e+00 1.021233660269684318e+00
1.037382600941823885e+00 1.037382839514853661e+00
1.037362789897850579e+00 1.053787222719610117e+00
1.037342582196631113e+00 1.070454752841380808e+00
1.037322018547666813e+00 1.087393973075711173e+00
1.037301143069426113e+00 1.104613781335451517e+00
1.037279909672054190e+00 1.122123347797007842e+00
1.037258333111814812e+00 1.139932292876982389e+00
1.037236393025880110e+00 1.158050606135705207e+00
1.037214020780266255e+00 1.176488650496480881e+00
1.037191320566174690e+00 1.195257436280043217e+00
1.037168158226941417e+00 1.214368180756954407e+00
1.037144538228461199e+00 1.233832761517475340e+00
1.037120503156372164e+00 1.253663636579553486e+00
1.037096037225998302e+00 1.273873760371434294e+00
1.037071048447389954e+00 1.294476588736768630e+00
1.037045572023271189e+00 1.315486364389502283e+00
1.037019668049382615e+00 1.336918035569765184e+00
1.036993106339861193e+00 1.358786886309796493e+00
1.036966070946164109e+00 1.381109487166135352e+00
1.036938473944606143e+00 1.403902857369836887e+00
1.036910220254927850e+00 1.427184849719099313e+00
1.036881384865051325e+00 1.450974451278675748e+00
1.036851964726281716e+00 1.475291507937081414e+00
1.036821779548668943e+00 1.500156634483070350e+00
1.036790980004309137e+00 1.525592008153013435e+00
1.036759458795273536e+00 1.551620600760840629e+00
1.036727149338124931e+00 1.578266679908025605e+00
1.036694106749104005e+00 1.605556024438310914e+00
1.036660195655389805e+00 1.633515540929012300e+00
1.036625490382789838e+00 1.662173979564253834e+00
1.036589831669772588e+00 1.691561348389148733e+00
1.036553333800111609e+00 1.721709840388896184e+00
1.036515755719697562e+00 1.752652938468698851e+00
1.036477351962860283e+00 1.784426966918316815e+00
1.036437760256101237e+00 1.817069370273718398e+00
1.036397126374123179e+00 1.850620791029466083e+00
1.036355292903553105e+00 1.885123858117369045e+00
1.036312291413000963e+00 1.920624248362366115e+00
1.036268003664898130e+00 1.957170297781295254e+00
1.036222391292060285e+00 1.994813657644304294e+00
1.036175370076433566e+00 2.033609326350647617e+00
1.036126789830105199e+00 2.073615891668293632e+00
1.036076822852019408e+00 2.114896631450005060e+00
1.036025165630576561e+00 2.157518271556198020e+00
1.007794077776787312e+00 2.869778628579448210e+00
9.825338803012447775e-01 2.869747924911699499e+00
9.574097623393247325e-01 2.869717550373752868e+00
9.324174674252084793e-01 2.869687249228821901e+00
9.075529374995622289e-01 2.869657125180652635e+00
8.828121563338624522e-01 2.869627192550768147e+00
8.581911509297909246e-01 2.869597377376400527e+00
8.336860594159435367e-01 2.869567747479013331e+00
8.092929939744507584e-01 2.869538057241735274e+00
7.850083028116874306e-01 2.869508665988752760e+00
7.608282388382379136e-01 2.869479394184181853e+00
7.367491568528632406e-01 2.869450212250730381e+00
7.127674482362261754e-01 2.869421012538087457e+00
6.888796534604652022e-01 2.869392073921205544e+00
6.650822835365813868e-01 2.869363370268796842e+00
6.413718302384683323e-01 2.869334569045789873e+00
6.177449770842475818e-01 2.869305962457222137e+00
5.941983795927487932e-01 2.869277540389078673e+00
5.707286754836641274e-01 2.869248989125062543e+00
5.473326736109140889e-01 2.869220627075003360e+00
5.240071560716448307e-01 2.869192472667486893e+00
2.219585004287655539e-01 1.271765964278307237e+00
2.096212362792125306e-01 1.259398742050703346e+00
1.975529010929768792e-01 1.247301118207982729e+00
1.857433610772397659e-01 1.235462969246566622e+00
1.741829426437573325e-01 1.223874445964261204e+00
1.628624962251040142e-01 1.212526574895332665e+00
1.517732527587864755e-01 1.201410443746702139e+00
1.409068730794576785e-01 1.190517683324596065e+00
1.302554225184786030e-01 1.179840477872754922e+00
1.198112845645260410e-01 1.169370981843319335e+00
1.095672257054805254e-01 1.159102038769347143e+00
9.951633401503023890e-02 1.149026834213822568e+00
8.965197436728945812e-02 1.139138546588011724e+00
7.996781926518713168e-02 1.129430828679630627e+00
7.045782721116841674e-02 1.119897814696815930e+00
6.111618820257705420e-02 1.110533531637558635e+00
5.193734770526198946e-02 1.101332380387966214e+00
4.291598938044095118e-02 1.092289141340097247e+00
3.404701022828291596e-02 1.083398741285694244e+00
2.532550687589906618e-02 1.074656019576595289e+00
1.674678987687262116e-02 1.066056566610591005e+00
8.306343644447836128e-03 1.057595655505060517e+00
-1.631299491904900924e-07 1.049268960952746133e+00
-8.176894267861382903e-03 1.041072443738944475e+00
-1.622785171761956594e-02 1.033001877311581440e+00
-2.415688964737653863e-02 1.025053685410668214e+00
-3.196770799037521732e-02 1.017223872329885870e+00
-3.966387505947248371e-02 1.009508979308095133e+00
-4.724883334981552774e-02 1.001905729473192785e+00
