2.542489435741344561e+00 -1.220885876166486250e+00
2.496235450061359717e+00 -1.174639082248405630e+00
2.451955709579105136e+00 -1.130366909497465322e+00
2.409523512898400721e+00 -1.087941429652625303e+00
2.368819873491944339e+00 -1.047244160672352153e+00
2.329736427879907978e+00 -1.008166830737850628e+00
2.314459740631861884e+00 -9.800469451544999711e-01
2.314458037901684584e+00 -9.586797617004284566e-01
2.314456414404867157e+00 -9.374512135550323588e-01
2.314454761899868096e+00 -9.163573178826495136e-01
2.314453102366150095e+00 -8.953942289903101814e-01
2.314451369619065613e+00 -8.745581468067444852e-01
2.314449857855778614e+00 -8.538454833483721806e-01
2.314448331974499951e+00 -8.332525234842959039e-01
2.314446697096735672e+00 -8.127756808538884048e-01
2.314445002873175561e+00 -7.924114903847698788e-01
2.314443447599539461e+00 -7.721566007179139213e-01
2.314441928641680857e+00 -7.520076191927191900e-01
2.314440495092524586e+00 -7.319612657130742939e-01
2.314438895831204324e+00 -7.120142247948976211e-01
2.314437262976577703e+00 -6.921633605975423542e-01
2.314435660338553191e+00 -6.724055670892453707e-01
7.182980642745291355e-01 -2.025809588731208033e-01
7.324006995680255594e-01 -2.003621107167566362e-01
7.556628253577216681e-01 -2.003603181955329604e-01
7.803446897727259746e-01 -2.003584111805138679e-01
8.065837071169817962e-01 -2.003563810075118246e-01
8.345355906798670453e-01 -2.003542139763837271e-01
8.643775696461321045e-01 -2.003519057265472636e-01
8.963120883071360456e-01 -2.003494292277333277e-01
9.305716883057169042e-01 -2.003467807170047355e-01
9.674245574233367728e-01 -2.003439300267215450e-01
1.007181798084202606e+00 -2.003408484251875676e-01
1.050206426632259271e+00 -2.003375197965927279e-01
1.096924521927087781e+00 -2.003339155365649327e-01
1.147839413186329205e+00 -2.003299693735925424e-01
1.203550625901325777e+00 -2.003256695625886263e-01
1.264777138627332098e+00 -2.003209331366790358e-01
1.332389441846829614e+00 -2.003156999781312841e-01
1.407451383326264294e+00 -2.003098983507855813e-01
1.491276794488460622e+00 -2.003034122165973652e-01
1.585507926733463968e+00 -2.002961213242838157e-01
1.692224530613863021e+00 -2.002878545145088118e-01
1.814100493480869991e+00 -2.002784326397885617e-01
2.314401898957516135e+00 -2.371289267817633661e-01
2.314400595616191936e+00 -2.187751061500409766e-01
2.314398998311848032e+00 -2.004485133209130132e-01
5.477021568270177276e+00 -4.301690543999794891e-02
5.433997631072982948e+00 4.048643731380248869e-07
5.391644117870943553e+00 4.234714851865995638e-02
5.349941099568056302e+00 8.404399373233535642e-02
5.308867835123074030e+00 1.251108068081076552e-01
5.268405171400729614e+00 1.655667039945235564e-01
4.962213864886101611e+00 1.949662940903517105e-01
3.530938117684638389e+00 1.943195562338190518e-01
3.914366628131372039e+00 2.462713794422515812e-01
3.914364360749816640e+00 2.771521686953017372e-01
3.914361979709549910e+00 3.080672783259809644e-01
3.914359485304472308e+00 3.390205837825418511e-01
3.914357038258898580e+00 3.700159947215743705e-01
3.914354721329819320e+00 4.010574389244242477e-01
3.914352301892352060e+00 4.321488350137416834e-01
3.914349706113760430e+00 4.632941380695416722e-01
3.914347254093297312e+00 4.944973776861902315e-01
3.914344948158784199e+00 5.257625801834117096e-01
3.914342473478326312e+00 5.570937581443944353e-01
3.914339906212132458e+00 5.884950063124779751e-01
3.914337474822357610e+00 6.199704816351401249e-01
3.914335087579828176e+00 6.515243329974209630e-01
3.914332568250014077e+00 6.831607317308442395e-01
3.914330124576359093e+00 7.148839560420069406e-01
3.914327641677892267e+00 7.466982741433682014e-01
3.914325150662257169e+00 7.786080267734721838e-01
3.914322592607042850e+00 8.106175867219355125e-01
3.914320050819290575e+00 8.427314076655909592e-01
3.914317515351157795e+00 8.749539799456749201e-01
3.914315114333825285e+00 9.072898829984243907e-01
3.914312415425575509e+00 9.397436260736188318e-01
3.914310280315377089e+00 9.723200883873707179e-01
5.114285447449055333e+00 1.313125794151998260e+00
5.114282296425425756e+00 1.356027860885230529e+00
5.114278826466026828e+00 1.399108849833593293e+00
5.114275554675316471e+00 1.442375370731326711e+00
5.114271937753748887e+00 1.485833844577319374e+00
5.114268664920907703e+00 1.529491148577903692e+00
5.114264905766711777e+00 1.573353826520702770e+00
5.114261507365370996e+00 1.617429039229719478e+00
5.114258249177803251e+00 1.661723749606518252e+00
5.114254757092608017e+00 1.706244986308776079e+00
5.114251403949137575e+00 1.751000150242989273e+00
4.138980795342234842e+00 1.563990953894812685e+00
4.101390725958833805e+00 1.586708846810509943e+00
4.064254863365871273e+00 1.609152776931999762e+00
4.027560154051752939e+00 1.631330254263356316e+00
3.991296590371207209e+00 1.653249622230654525e+00
3.955449704044283532e+00 1.674917018373218047e+00
3.920008523803408362e+00 1.696339610916743235e+00
3.884961163667211892e+00 1.717523809201314533e+00
3.850329178212379855e+00 1.738490731731779482e+00
3.860855028341071637e+00 1.779879000176472381e+00
4.125700039641978734e+00 1.941407563345365128e+00
5.114196946379299114e+00 2.455803008003239807e+00
5.114192871784204897e+00 2.505417857140075366e+00
5.114189093837322453e+00 2.555416071728223049e+00
5.114184948476441228e+00 2.605808021099248695e+00
1.909230779583856785e+00 9.917662176556668596e-01
1.873114536102684413e+00 9.917633343453127193e-01
1.838054503773647319e+00 9.917606342826825738e-01
1.804000513810122941e+00 9.917579109211374089e-01
1.770906329296121795e+00 9.917554313302092694e-01
1.738727524775402822e+00 9.917529038396576402e-01
1.707423026313578118e+00 9.917504425146976832e-01
1.676953939626992574e+00 9.917480262186054718e-01
1.647283734628019358e+00 9.917457027005331938e-01
1.618377914068182877e+00 9.917434901906957423e-01
1.590203689012707589e+00 9.917412638505416211e-01
1.562730466769995052e+00 9.917391382908006259e-01
1.535929020327711836e+00 9.917370325869295788e-01
1.914285247434303283e+00 1.257450662474725478e+00
1.914283612141411961e+00 1.279083706923468844e+00
1.914281873331627803e+00 1.300944912314264013e+00
1.914280146808871486e+00 1.323040726977525949e+00
1.914278379794480234e+00 1.345377682126162266e+00
1.914276542791089275e+00 1.367962527478901125e+00
1.914274814922651613e+00 1.390802375962081783e+00
1.914272995388957677e+00 1.413904290710885636e+00
1.914271269361104144e+00 1.437275846797327894e+00
1.914269430743233524e+00 1.460924571727333143e+00
1.914267450575547702e+00 1.484858372779292113e+00
1.914265650434554988e+00 1.509085695779097458e+00
1.914263752135231700e+00 1.533614797940485275e+00
1.914261811194581053e+00 1.558454481807691527e+00
1.914259829128755808e+00 1.583613809037056397e+00
1.914257744701488129e+00 1.609102103279558715e+00
1.914255787657906271e+00 1.634929262554287277e+00
1.914253737257749277e+00 1.661105150901184713e+00
1.914251640688031220e+00 1.687640217075616844e+00
1.914249613880532941e+00 1.714545351584269017e+00
1.914247473096693852e+00 1.741831574429802743e+00
1.914245256833537745e+00 1.769510515136322848e+00
2.513213789342957138e+00 2.360065374848351993e+00
2.489199535307336841e+00 2.374578799799509810e+00
2.465288847155846952e+00 2.389031641570434683e+00
2.441476777186347924e+00 2.403424782072329791e+00
1.010560181046352479e+00 1.010560413450871220e+00
1.009302231950071294e+00 1.025282385534670659e+00
1.009300941955823427e+00 1.041518018161428305e+00
1.009299671754970928e+00 1.058018976238685349e+00
1.009298360739901979e+00 1.074793839958158470e+00
1.009297029353831920e+00 1.091851631309590065e+00
1.009295682679810069e+00 1.109201734052504440e+00
1.009294297505608951e+00 1.126853898353832539e+00
1.009292888075064676e+00 1.144818334555355532e+00
1.009291411208607547e+00 1.163105630272866620e+00
1.009289985152050040e+00 1.181727026040386486e+00
1.009288481788783276e+00 1.200693971527161175e+00
1.009286975939890363e+00 1.220018673585518965e+00
1.009285491264025891e+00 1.239713833526742137e+00
1.009283907944649838e+00 1.259792559226363018e+00
1.009282317411223318e+00 1.280268835036410868e+00
1.009280624193377163e+00 1.301157066744255353e+00
1.009278965148779239e+00 1.322472651060253135e+00
1.009277314401557657e+00 1.344231516494735823e+00
1.009275535282010416e+00 1.366450221936291065e+00
1.009273777950301154e+00 1.389146540339139202e+00
1.009271948457405310e+00 1.412338800734219912e+00
1.009270100422199778e+00 1.436046474349642610e+00
1.009268256732400282e+00 1.460289995035933375e+00
1.009266307048700240e+00 1.485090670952020631e+00
1.009264307014093642e+00 1.510471187015150374e+00
1.009262295655318331e+00 1.536455424686440141e+00
1.009260186320926067e+00 1.563068374580297126e+00
1.009258045202908516e+00 1.590336648938561748e+00
1.009255904179317431e+00 1.618288300077389774e+00
1.009253644901563440e+00 1.646952733161886506e+00
1.009251379116951286e+00 1.676361431863191420e+00
1.009249005972533864e+00 1.706547369109866263e+00
1.009246576018072883e+00 1.737545739042021919e+00
1.009244089173485959e+00 1.769393775380968981e+00
1.009241476476407717e+00 1.802130874359735513e+00
1.009238920892205682e+00 1.835799345400344285e+00
1.009236237250537904e+00 1.870443500140714033e+00
1.009233355663633258e+00 1.906110716773370850e+00
1.009230534940294577e+00 1.942852105618259051e+00
1.009227570947541786e+00 1.980721275528618097e+00
1.009224555932727529e+00 2.019776052491732532e+00
1.009221402976407944e+00 2.060077880775936343e+00
1.009218121944822855e+00 2.101692710095809602e+00
1.009214749406925460e+00 2.144691251722394831e+00
1.009211267142215762e+00 2.189149235353323952e+00
9.821604834078405677e-01 2.868657321339142197e+00
9.570554305552528840e-01 2.868655484600659111e+00
9.320815814537891653e-01 2.868653498014316572e+00
9.072348863173865796e-01 2.868651456196078531e+00
8.825114074084529081e-01 2.868649592402997772e+00
8.579071065375460936e-01 2.868647597083092471e+00
8.334181969436099680e-01 2.868645758316921590e+00
8.090407941093129551e-01 2.868643823489024580e+00
7.847711867108614348e-01 2.868641915020988087e+00
7.606056976498383193e-01 2.868640075502419062e+00
7.365406852785738590e-01 2.868638268595920859e+00
7.125725446095613203e-01 2.868636379958196425e+00
6.886977641664047134e-01 2.868634450008107351e+00
6.649129180482731272e-01 2.868632677029224975e+00
6.412145018999129142e-01 2.868630722042812220e+00
6.175992031842637564e-01 2.868628870880745918e+00
5.940636814379566255e-01 2.868627107127140530e+00
5.706046249836006501e-01 2.868625344673334521e+00
5.472187519716854576e-01 2.868623428455398638e+00
5.239028970784691541e-01 2.868621604283417170e+00
5.006538711151317100e-01 2.868619818292327039e+00
4.774685103546853493e-01 2.868617951038891611e+00
4.543437147964560774e-01 2.868616053629470475e+00
1.906399749554536227e-01 1.268032559277385118e+00
1.787792806140705848e-01 1.256170034163082372e+00
1.671641985380837581e-01 1.244553152484855429e+00
1.557858021798789183e-01 1.233173081055476183e+00
1.446355378955786475e-01 1.222021053612850627e+00
1.337052966721377079e-01 1.211089089956267850e+00
1.229873306961206114e-01 1.200369532579015797e+00
1.124742033005687175e-01 1.189854698932348631e+00
1.021588686978458366e-01 1.179537838170592767e+00
9.203453846070927535e-02 1.169411952362790608e+00
8.209474697569060786e-02 1.159470634049956317e+00
7.233329524284864975e-02 1.149707597844365381e+00
6.274426937963842321e-02 1.140117162301199638e+00
5.332196920197562057e-02 1.130693303813739892e+00
4.406097051372453305e-02 1.121430971156443412e+00
3.495603570874993710e-02 1.112324542838644792e+00
2.600217028728849661e-02 1.103369380057008797e+00
1.719455949008164009e-02 1.094560401673893457e+00
8.528590976298303442e-03 1.085893041536007519e+00
-1.674977344322005697e-07 1.077363014221178306e+00
-8.395977357358983331e-03 1.068965841879311762e+00
-1.666293480134869651e-02 1.060697572964920399e+00
-2.480498206507108366e-02 1.052554308667298821e+00
-3.282590749970773492e-02 1.044532086868684706e+00
-4.072936816668928234e-02 1.036627480904659837e+00
-4.851887315812888207e-02 1.028836768197203044e+00
-5.619781282792780247e-02 1.021156647731045641e+00
-6.376944687496606534e-02 1.013583766033350209e+00
-7.123693738115190188e-02 1.006115195511961158e+00
-7.900390284416554387e-02 1.003837717241338190e+00
