2.625111541060565212e+00 -1.235283559215250904e+00
2.578107879650800349e+00 -1.188523848488348911e+00
2.533078591649597477e+00 -1.143728678997922632e+00
2.489897542634612826e+00 -1.100772030569256543e+00
2.448448380414403491e+00 -1.059538072362087524e+00
2.408623968588757602e+00 -1.019920338643208080e+00
2.375801264494655562e+00 -9.840889542150618174e-01
2.375475797901618780e+00 -9.621666045009961143e-01
2.375419428599107707e+00 -9.404949330919727402e-01
2.375363537197277441e+00 -9.189586951604497012e-01
2.375307697835250309e+00 -8.975538330954433430e-01
2.375252509111939858e+00 -8.762767617683666632e-01
2.375197368344111659e+00 -8.551235184660822553e-01
2.375142706182056695e+00 -8.340905982254219753e-01
2.375088198934751205e+00 -8.131742932654576483e-01
2.375034117386741972e+00 -7.923711735417312552e-01
2.374980203096984877e+00 -7.716776930363462572e-01
2.374926800149173900e+00 -7.510905682384357851e-01
2.374873497400386668e+00 -7.306063319637567943e-01
2.374820491614444418e+00 -7.102217712212820500e-01
2.374767680786659785e+00 -6.899336354292894269e-01
2.374715121284386221e+00 -6.697387759302487753e-01
2.374662801323358163e+00 -6.496340751645096612e-01
7.774023195030785871e-01 -2.061244392005747161e-01
7.773853445736117473e-01 -1.995985806722779532e-01
7.989227222850310284e-01 -1.984533829896502344e-01
8.263212367083108134e-01 -1.983821226100296875e-01
8.555513018068157116e-01 -1.983060872738727776e-01
8.868069546343998466e-01 -1.982247807588470578e-01
9.203106045480244912e-01 -1.981376278668205981e-01
9.563184563549382844e-01 -1.980439678040928630e-01
9.951270105859933990e-01 -1.979430029125200663e-01
1.037081874740348519e+00 -1.978338785049480741e-01
1.082587493373426080e+00 -1.977155101587102226e-01
1.132120965059285167e+00 -1.975866620818956809e-01
1.186248795806371215e+00 -1.974458565959888168e-01
1.245649069450165403e+00 -1.972913459077134390e-01
1.311139943074833392e+00 -1.971209822124330158e-01
1.383718383845802702e+00 -1.969321939626912932e-01
1.464611196261285775e+00 -1.967217764441905603e-01
1.555345709777959495e+00 -1.964857492883799739e-01
1.657848005552720494e+00 -1.962191270344368632e-01
1.774581322935815386e+00 -1.959154783467762784e-01
1.908748233082108614e+00 -1.955664745225202394e-01
2.373556521533761288e+00 -2.243669833715271344e-01
2.373507469200776931e+00 -2.055678575320885881e-01
5.550208092736649057e+00 -4.359171745474241938e-02
5.506388664245590370e+00 4.102579254094958674e-07
5.463255220873189266e+00 4.290959773602755906e-02
5.420787498947401417e+00 8.515694324609297816e-02
5.378964415994015091e+00 1.267627296021227035e-01
5.337766947470500511e+00 1.677464909079178779e-01
5.296778382471653224e+00 2.081113954309765091e-01
4.506331020685186317e+00 2.125135237695808532e-01
3.652478808710759139e+00 2.010083546090323248e-01
3.972330312643157058e+00 2.499181498902939558e-01
3.972248862394130331e+00 2.812506157702426846e-01
3.972167109690505793e+00 3.126166452876522062e-01
3.972085534520787942e+00 3.440202060651265659e-01
3.972003588132112739e+00 3.754652026719793589e-01
3.971921830697842548e+00 4.069556569177026351e-01
3.971839556579647379e+00 4.384954916826477866e-01
3.971757403359274630e+00 4.700887914885698571e-01
3.971675216200964975e+00 5.017395882235130555e-01
3.971592759540417017e+00 5.334519272952492619e-01
3.971509952746828276e+00 5.652299000597008627e-01
3.971426868403844068e+00 5.970776519130951421e-01
3.971343965870248738e+00 6.289994276416145391e-01
3.971260676555320668e+00 6.609993538011903480e-01
3.971177288260695271e+00 6.930817284372874365e-01
3.971093531058699000e+00 7.252507997401754780e-01
3.971009516644462778e+00 7.575109250216697232e-01
3.970925266519415686e+00 7.898664947919596946e-01
3.970841178088170054e+00 8.223220281121722541e-01
3.970756155349796312e+00 8.548817881139655350e-01
3.970671342678108395e+00 8.875505578450187949e-01
3.970585923134665407e+00 9.203327612649662148e-01
3.970500379680070857e+00 9.532331679564105542e-01
3.970414630294118119e+00 9.862564865325506025e-01
5.169533175661200630e+00 1.327311004916847725e+00
5.169420137798008241e+00 1.370647399807153333e+00
5.169307045894004027e+00 1.414162872385873237e+00
5.169193481718608041e+00 1.457863833277395438e+00
5.169079347446235317e+00 1.501756874335192782e+00
5.168964402196244201e+00 1.545848647862478886e+00
5.168849171973835865e+00 1.590146144808315620e+00
5.168733573045829033e+00 1.634656296915216522e+00
5.168616915581674576e+00 1.679385956432849714e+00
5.168500169386407883e+00 1.724342630472510463e+00
5.168382329437169354e+00 1.769533313980138578e+00
4.183223152775964238e+00 1.580708752364233360e+00
4.145099728965170982e+00 1.603618589478152945e+00
4.107438231052270794e+00 1.626250286405678924e+00
4.070227822411992769e+00 1.648612443880043132e+00
4.033455834866568779e+00 1.670712557759834072e+00
3.997108683178032695e+00 1.692557321838037421e+00
3.961174951565220592e+00 1.714153919642926960e+00
3.925642748432524698e+00 1.735508954351262734e+00
3.890559260556044396e+00 1.756655315084036717e+00
4.014352571761133248e+00 1.850642354953208280e+00
5.166661071070763001e+00 2.431246766424948635e+00
5.166532141792375299e+00 2.480934017166048555e+00
5.166401872783487725e+00 2.530994789157778868e+00
5.166270252506448557e+00 2.581439558043518989e+00
1.955932295148643973e+00 9.965975252701361198e-01
1.918343139532470598e+00 9.964997107759293593e-01
1.881880754129591660e+00 9.964048089868222657e-01
1.846491084238059299e+00 9.963127671902670679e-01
1.812123208117932371e+00 9.962234009673403001e-01
1.778729309100488543e+00 9.961365115611727772e-01
1.746264645001122995e+00 9.960520023263008671e-01
1.714687205609634946e+00 9.959698145861431984e-01
1.683957478653733686e+00 9.958899086175105886e-01
1.654037912782290398e+00 9.958120496321287707e-01
1.624893409412687451e+00 9.957361917946351282e-01
1.596490887799031810e+00 9.956623178095472815e-01
1.969718839138240307e+00 1.250021872447198978e+00
1.969662151544055106e+00 1.271795031878690807e+00
1.969604945257960038e+00 1.293788920197544989e+00
1.969546955472930794e+00 1.316009500780310315e+00
1.969488552773735579e+00 1.338463341416336272e+00
1.969429543353454770e+00 1.361156829167871951e+00
1.969369957709300234e+00 1.384096700311840733e+00
1.969309455903885953e+00 1.407289636824629708e+00
1.969248488177134826e+00 1.430743096480200149e+00
1.969186731052827932e+00 1.454464214327388039e+00
1.969124436182470905e+00 1.478460778658635011e+00
1.969061268420638555e+00 1.502740389661560538e+00
1.968997256619392067e+00 1.527311171483232588e+00
1.968932586817532027e+00 1.552181643151338664e+00
1.968867029815620562e+00 1.577360282110726208e+00
1.968800683890361780e+00 1.602856114901148654e+00
1.968733403299269380e+00 1.628678278850065775e+00
1.968665342955514985e+00 1.654836477883641077e+00
1.968596393610462902e+00 1.681340534960816591e+00
1.968526538956395733e+00 1.708200699783125387e+00
1.968455661486619102e+00 1.735427500357777486e+00
1.968383888350255795e+00 1.763032063024840168e+00
1.968311040353160957e+00 1.791025646668166216e+00
2.562297710351381319e+00 2.368564177025290096e+00
2.537886039469478217e+00 2.383234165139934468e+00
1.065322749164240301e+00 1.016267590937501630e+00
1.065280921724766738e+00 1.032329267257217298e+00
1.065238495085789383e+00 1.048636063971543075e+00
1.065195387369723967e+00 1.065195632339025034e+00
1.065151637052235367e+00 1.082016047148798066e+00
1.065107221467771481e+00 1.099105644628531220e+00
1.065061965451379766e+00 1.116472938466583908e+00
1.065016025202657257e+00 1.134127140071243156e+00
1.064969376447559846e+00 1.152077651227668031e+00
1.064921888589494881e+00 1.170334150560975672e+00
1.064873553759376090e+00 1.188906861232894352e+00
1.064824309024110960e+00 1.207806382521915189e+00
1.064774257414133007e+00 1.227043963729934184e+00
1.064723334103727659e+00 1.246631154253108553e+00
1.064671449627239808e+00 1.266579986089679144e+00
1.064618548430313894e+00 1.286903071468790571e+00
1.064564662892484970e+00 1.307613703649587400e+00
1.064509739126493715e+00 1.328725681663299518e+00
1.064453692669516949e+00 1.350253408342388273e+00
1.064396532651189720e+00 1.372212085597140696e+00
1.064338259868087722e+00 1.394617631751709608e+00
1.064278768989750823e+00 1.417486594812177314e+00
1.064218038300125846e+00 1.440836445339458649e+00
1.064155955303769385e+00 1.464685396556806296e+00
1.064092566928258821e+00 1.489052799042576813e+00
1.064027762789978349e+00 1.513958767554387075e+00
1.063961450861061531e+00 1.539424480490991343e+00
1.063893719025126750e+00 1.565472488256191230e+00
1.063824319981388600e+00 1.592126038947926592e+00
1.063753366452963478e+00 1.619410174590827589e+00
1.063680681226818026e+00 1.647350857600349050e+00
1.063606147152336590e+00 1.675975578190840531e+00
1.063529839166757807e+00 1.705313675530363504e+00
1.063451580874351210e+00 1.735395751656827690e+00
1.063371267090070793e+00 1.766254291830619882e+00
1.063288853716623628e+00 1.797923788060021622e+00
1.063204222397592158e+00 1.830440657670699078e+00
1.063117344701625111e+00 1.863843675076752193e+00
1.063028076687795087e+00 1.898173788892143943e+00
1.062936192259757107e+00 1.933474349391658187e+00
1.062841632472562692e+00 1.969791759115901764e+00
1.062744389743800699e+00 2.007175505162932527e+00
1.062644171302494778e+00 2.045677765645645962e+00
1.062540947633072497e+00 2.085354702627876922e+00
1.062434480969489003e+00 2.126265863616874086e+00
1.062324721912431658e+00 2.168475277435635729e+00
1.033683593732399375e+00 2.871167874844168022e+00
1.008258659589637896e+00 2.871101564471953527e+00
9.829748516065885955e-01 2.871035897279703875e+00
9.578277772634641307e-01 2.870970498496184575e+00
9.328132514652313079e-01 2.870905347830340570e+00
9.079272083979361696e-01 2.870840559342880294e+00
8.831656239520244700e-01 2.870776157572926479e+00
8.585245171236712824e-01 2.870712078634539033e+00
8.339999513968082701e-01 2.870648171331983356e+00
8.095881655384470355e-01 2.870584657227907233e+00
7.852853681627187665e-01 2.870521446902002172e+00
7.610878702247039218e-01 2.870458599312905257e+00
7.369919586437378989e-01 2.870395863350402088e+00
7.129940790235866910e-01 2.870333370621989122e+00
6.890907073781755710e-01 2.870271177311189525e+00
6.652783512760658269e-01 2.870209264985427833e+00
6.415535509706709050e-01 2.870147541418816228e+00
6.179129306963804247e-01 2.870086074507641083e+00
5.943530939126823176e-01 2.870024628127127109e+00
5.708708195887237657e-01 2.869963596340841416e+00
2.410321653314078938e-01 1.263535860183366388e+00
2.284531068504009055e-01 1.250891189056684283e+00
2.161583068017453590e-01 1.238532324535658091e+00
2.041367449054474481e-01 1.226448065585331149e+00
1.923779820573453814e-01 1.214627934144028476e+00
1.808721089805975235e-01 1.203062071877408101e+00
1.696096665676253279e-01 1.191740899252026642e+00
1.585816620187884551e-01 1.180655362319146695e+00
1.477795288315114086e-01 1.169796825744490620e+00
1.371951201824129773e-01 1.159157201302039031e+00
1.268206442213872243e-01 1.148728602535262766e+00
1.166486766914417161e-01 1.138503589951345596e+00
1.066721285731596774e-01 1.128475060976474653e+00
9.688420888406498732e-02 1.118636020118612295e+00
8.727846401181281466e-02 1.108980179683871858e+00
7.784869631508806176e-02 1.099501254363398628e+00
6.858897609196720757e-02 1.090193204616881628e+00
5.949364224342586910e-02 1.081050480628424681e+00
5.055725230823709948e-02 1.072067432986466340e+00
4.177461193683653512e-02 1.063239031909605670e+00
3.314072193048991227e-02 1.054560038724514426e+00
2.465080381457168679e-02 1.046025844084540690e+00
1.630026169118655582e-02 1.037631757556007228e+00
8.084686143457480920e-03 1.029373369010303740e+00
-1.587732655033253441e-07 1.021246314048754655e+00
-7.958342047154200877e-03 1.013246635180983457e+00
-1.579377602639010780e-02 1.005370308343737307e+00
-2.366981486908831950e-02 1.004385552888518607e+00
