2.541333481485015700e+00 -1.320116878268241756e+00
2.494407869456034099e+00 -1.270964133126905038e+00
2.449537697053821628e+00 -1.223964454912531918e+00
2.406584488739291761e+00 -1.178973423532774900e+00
2.365425443538159200e+00 -1.135860969388264419e+00
2.325944624391439230e+00 -1.094506313051765156e+00
2.288036484596254638e+00 -1.054799122107500153e+00
2.279729446343557786e+00 -1.029337169693258947e+00
2.280222361785227747e+00 -1.008075616105818639e+00
2.280712101402622594e+00 -9.869521133723162531e-01
2.281198638771437359e+00 -9.659626901128103293e-01
2.281682074679148187e+00 -9.451035152975466591e-01
2.282162641938784819e+00 -9.243708911086131463e-01
2.282640488343416152e+00 -9.037611579289142050e-01
2.283115455340624322e+00 -8.832706096920384109e-01
2.283587744822200172e+00 -8.628957568078013951e-01
2.284057479517693334e+00 -8.426331449673494234e-01
2.284524479622072946e+00 -8.224792756478408462e-01
2.284989385381389848e+00 -8.024310111686463465e-01
2.285451640407844653e+00 -7.824848455373452083e-01
2.285911738914386593e+00 -7.626377044088028523e-01
2.286369654405530749e+00 -7.428863861851398021e-01
7.019143105350315048e-01 -2.219863021973275397e-01
7.030771336110404057e-01 -2.162947231662810943e-01
7.249346958748302816e-01 -2.168013984812678097e-01
7.480823444545384726e-01 -2.173379634925023673e-01
7.726410635215323897e-01 -2.179072662140962846e-01
7.987470466530396385e-01 -2.185124130691989963e-01
8.265549475555727943e-01 -2.191570191638438914e-01
8.562405786469976521e-01 -2.198451583952744925e-01
8.880047807109082703e-01 -2.205814754386090371e-01
9.220781859533235814e-01 -2.213713258423704588e-01
9.587267646731977289e-01 -2.222208686557646251e-01
9.982589732794544535e-01 -2.231372511060771280e-01
1.041034690330937540e+00 -2.241288354713057707e-01
1.087475951756779580e+00 -2.252053706025212432e-01
1.138081656355899973e+00 -2.263784403621858232e-01
1.193445450114323902e+00 -2.276618152634409531e-01
1.254279323622720321e+00 -2.290719945219676645e-01
1.321444833873968383e+00 -2.306289538917333792e-01
1.395994224834872011e+00 -2.323570540176680965e-01
1.479227145426588619e+00 -2.342864628424243534e-01
1.572766579491906569e+00 -2.364547694377109599e-01
1.678667403720182749e+00 -2.389096355209729128e-01
1.799569182102096265e+00 -2.417122354663383821e-01
2.296863879340256709e+00 -2.901612275061427049e-01
2.297287194381591569e+00 -2.719016980562466990e-01
2.297709803893305480e+00 -2.536693638740139534e-01
5.465179333100186554e+00 -1.717497809653258378e-01
5.423225999177716083e+00 -1.278050064020466170e-01
5.381926740086520944e+00 -8.454566456804872565e-02
5.341262110289615173e+00 -4.195064128643544166e-02
5.301211357116684120e+00 3.949710247752587680e-07
5.261757205357528555e+00 4.132698838668748959e-02
5.016972462696097423e+00 7.881327931706999523e-02
3.523053152067821880e+00 1.107166740993654752e-01
3.907581192633692524e+00 1.535295827082282516e-01
3.908294655611961765e+00 1.843107986034348555e-01
3.909008821177532234e+00 2.151260753171728990e-01
3.909724022492124362e+00 2.459792910909032182e-01
3.910440277981901858e+00 2.768743284257108583e-01
3.911157529242846209e+00 3.078150823515348189e-01
3.911875878254202910e+00 3.388054799027807595e-01
3.912595348871136025e+00 3.698494659034741727e-01
3.913316360743405387e+00 4.009510504473662307e-01
3.914038778997390722e+00 4.321142217384515982e-01
3.914762625962300735e+00 4.633430103879813133e-01
3.915488079640393249e+00 4.946414975623321664e-01
3.916215235676009154e+00 5.260137913576347080e-01
3.916944342740061646e+00 5.574640591936872447e-01
3.917675328996188089e+00 5.889964649745738079e-01
3.918408273724985680e+00 6.206152331856988891e-01
3.919143170030478185e+00 6.523246177562798120e-01
3.919880393837848143e+00 6.841289827728843642e-01
3.920619996261226703e+00 7.160326911282079987e-01
3.921361938521628954e+00 7.480401386457425916e-01
3.922106324950367373e+00 7.801557992566602318e-01
3.922853400309596505e+00 8.123842328245571842e-01
3.923603080758253814e+00 8.447299925503979345e-01
3.924355652819424556e+00 8.771977704135297538e-01
5.131919873886670480e+00 1.189515623023199353e+00
5.132911464743437513e+00 1.232303485328319015e+00
5.133907366707708420e+00 1.275269691744421952e+00
5.134907798979309490e+00 1.318420715995665349e+00
5.135912381002396998e+00 1.361762975925747021e+00
5.136921515486188916e+00 1.405303190749892073e+00
5.137935459164468810e+00 1.449048156181420577e+00
5.138954778812999002e+00 1.493004875189794856e+00
5.139978516719981627e+00 1.537180027151618722e+00
5.141007850947327817e+00 1.581581033344680698e+00
5.142042429080079913e+00 1.626214993849604662e+00
4.169092771481484050e+00 1.464081603299912659e+00
4.132082338929205179e+00 1.487641611339626468e+00
4.095518876342594261e+00 1.510917113785897881e+00
4.059389960305307632e+00 1.533916075037977000e+00
4.023685782312354853e+00 1.556647062951583393e+00
3.988392466000443282e+00 1.579116720757067993e+00
3.953498324038540179e+00 1.601332116590572285e+00
3.918992510265399076e+00 1.623300283609957040e+00
3.884883894098285495e+00 1.645036250107350329e+00
3.860272150622331644e+00 1.670489367116445134e+00
4.104723973379260649e+00 1.814679956240151215e+00
5.158335316951754734e+00 2.329078300741248331e+00
5.159482231627007920e+00 2.378554493355945709e+00
5.160637957307513624e+00 2.428412503511381271e+00
5.161802962060174416e+00 2.478663096837110391e+00
5.162977026036013939e+00 2.529316973632590226e+00
1.897974080665691732e+00 9.483641258593995538e-01
1.862866042300904024e+00 9.491778893736012579e-01
1.828766582604653079e+00 9.499684040293019383e-01
1.795628408607611082e+00 9.507365318253160336e-01
1.763407720396728218e+00 9.514834057907833875e-01
1.732063022238304884e+00 9.522099308557157027e-01
1.701555520761844464e+00 9.529171032418183307e-01
1.671848474615131863e+00 9.536057581498496027e-01
1.642907073990569122e+00 9.542765867217687381e-01
1.614698834272080719e+00 9.549304509717276845e-01
1.587192853097753487e+00 9.555680410892591903e-01
1.560360000600128139e+00 9.561900588838184722e-01
1.542242265898280396e+00 9.618297986060457827e-01
1.931901771520125877e+00 1.226022426061673665e+00
1.932405082993861045e+00 1.247738441946576682e+00
1.932913990131214232e+00 1.269687462019985391e+00
1.933428228438177188e+00 1.291875733468114795e+00
1.933948359359523250e+00 1.314310245443894409e+00
1.934474172847432838e+00 1.336997680423028578e+00
1.935006066388319512e+00 1.359945347539826432e+00
1.935544245372199601e+00 1.383160655610433221e+00
1.936088720600279034e+00 1.406651109701329672e+00
1.936639881177675715e+00 1.430424732603283067e+00
1.937197712708511155e+00 1.454489511236429777e+00
1.937762368844560656e+00 1.478853819294626781e+00
1.938334345737322106e+00 1.503526574433673213e+00
1.938913713106067638e+00 1.528516665977932121e+00
1.939500489221308577e+00 1.553833241404072529e+00
1.940095186899476243e+00 1.579486160918706972e+00
1.940697684666005118e+00 1.605485110138939797e+00
1.941308695553380481e+00 1.631840808154580547e+00
1.941928096192017561e+00 1.658563652104809716e+00
1.942556382181092944e+00 1.685664940625634989e+00
1.943193561099585187e+00 1.713155957957199327e+00
1.943840220703409116e+00 1.741048915701945532e+00
2.540453169128891187e+00 2.311635044862058841e+00
2.516919558059989903e+00 2.326617035011785184e+00
2.493483705946016205e+00 2.341537589084386362e+00
2.470141566323546645e+00 2.356398397435519598e+00
1.021176974051642317e+00 9.895895588328598169e-01
1.021548718568448422e+00 1.005627220886829765e+00
1.021926594726860760e+00 1.021926829745380960e+00
1.022310647524612204e+00 1.038496761694844617e+00
1.022701268289875953e+00 1.055346085436500436e+00
1.023098510386307058e+00 1.072483890406965790e+00
1.023502661155821336e+00 1.089919887103180551e+00
1.023913976044988905e+00 1.107664158866242810e+00
1.024332665462604597e+00 1.125727166256185408e+00
1.024759040561267653e+00 1.144119928730084279e+00
1.025193256308504219e+00 1.162853766385793186e+00
1.025635692001072519e+00 1.181940750438718712e+00
1.026086613655808888e+00 1.201393355976536403e+00
1.026546313370409358e+00 1.221224647063024360e+00
1.027015087968045970e+00 1.241448285021478082e+00
1.027493292656169288e+00 1.262078628680666226e+00
1.027981315540020368e+00 1.283130744626978847e+00
1.028479404232198080e+00 1.304620229642652118e+00
1.028988085536215680e+00 1.326563779187900360e+00
1.029507690406264109e+00 1.348978638842225797e+00
1.030038549423578198e+00 1.371882892424553191e+00
1.030581316281789395e+00 1.395295951529389011e+00
1.031136287328370482e+00 1.419237710771957595e+00
1.031704009077511808e+00 1.443729418141769694e+00
1.032284953349147605e+00 1.468793306332075499e+00
1.032879752474164636e+00 1.494452994584896555e+00
1.033488946606418324e+00 1.520733212253327027e+00
1.034113075603400711e+00 1.547660007353003797e+00
1.034752892090622600e+00 1.575261159667440403e+00
1.035409037932456311e+00 1.603565803825543812e+00
1.036082122209914136e+00 1.632604642680058005e+00
1.036773041613192614e+00 1.662410570134429388e+00
1.037482524220901814e+00 1.693018090650504792e+00
1.038211377612237918e+00 1.724463842767788302e+00
1.038960651726715145e+00 1.756787033051732561e+00
1.039731182884731986e+00 1.790028848746013868e+00
1.040524111137742791e+00 1.824233508158261463e+00
1.041340416216423703e+00 1.859447672854439126e+00
1.042181171070474921e+00 1.895721094414758445e+00
1.043047765140666883e+00 1.933107275218994836e+00
1.043941539145296415e+00 1.971663088901055572e+00
1.044863768275581695e+00 2.011449021802076853e+00
1.045816067417463247e+00 2.052530266368548073e+00
1.046799892687490408e+00 2.094976130507512746e+00
1.047817225539531050e+00 2.138861783017951268e+00
1.024649786980437627e+00 2.846075500455087948e+00
9.996734941968203891e-01 2.846654581987715815e+00
9.748244507918641943e-01 2.847230513776711547e+00
9.500987265885019184e-01 2.847803623410774865e+00
9.254924255305857494e-01 2.848374151695105549e+00
9.010015432569526972e-01 2.848941798954097493e+00
8.766223368419948647e-01 2.849506859812478865e+00
8.523510943898656711e-01 2.850069547343962117e+00
8.281840697805959994e-01 2.850629764978000580e+00
8.041176223513896160e-01 2.851187563732815011e+00
7.801482091473195268e-01 2.851743145754801922e+00
7.562723159917061899e-01 2.852296637206630958e+00
7.324863993551482544e-01 2.852847858121352775e+00
7.087871264874304744e-01 2.853397246454326019e+00
6.851710710119222059e-01 2.853944706547415944e+00
6.616348937052711765e-01 2.854490302153978476e+00
6.381752824645989808e-01 2.855034026682151449e+00
6.147890537271220035e-01 2.855576270063445943e+00
5.914728934542191618e-01 2.856116656023684808e+00
5.682237112238520682e-01 2.856655673809042728e+00
5.450382917968491503e-01 2.857193046876163045e+00
5.219135806606109984e-01 2.857729135305203449e+00
4.988464524224469065e-01 2.858263767174137993e+00
2.107100393348565470e-01 1.265940241485391304e+00
1.986870795975050896e-01 1.254462046289113175e+00
1.869092586585851257e-01 1.243217880535629094e+00
1.753677495569110623e-01 1.232199342090148475e+00
1.640541206581184186e-01 1.221398330675911525e+00
1.529603346117836826e-01 1.210807175449090112e+00
1.420787275549692252e-01 1.200418644469286589e+00
1.314019619817291817e-01 1.190225716675612722e+00
1.209230149236311530e-01 1.180221589332396404e+00
1.106351884378691947e-01 1.170399922534049120e+00
1.005320573515579990e-01 1.160754490596656474e+00
9.060749913562682334e-02 1.151279663429157551e+00
8.085561707571689571e-02 1.141969700266480370e+00
7.127076431150353164e-02 1.132819111282114877e+00
6.184754442652621448e-02 1.123822901183565870e+00
5.258076141510805573e-02 1.114975979530924199e+00
4.346543973371842090e-02 1.106273641365721261e+00
3.449680310701083025e-02 1.097711452897837114e+00
2.567025044289988553e-02 1.089284779083884880e+00
1.698137474015879236e-02 1.080989621588431149e+00
8.425930446976205926e-03 1.072821907659253782e+00
-1.655410622766712947e-07 1.064777493476854797e+00
-8.300839490690950506e-03 1.056853001955052385e+00
-1.647987211039994918e-02 1.049044514586869870e+00
-2.454090706995186791e-02 1.041348766442157459e+00
-3.248745207497662907e-02 1.033762314514041769e+00
-4.032288747448771471e-02 1.026281897976174529e+00
-4.805047490706781943e-02 1.018904440600057582e+00
-5.567335943123510184e-02 1.011626933930658501e+00
-6.319458104923844632e-02 1.004446558527892108e+00
