2.665615258137951749e+00 -1.254343159163749721e+00
2.618242994228429765e+00 -1.207026387196614925e+00
2.572848879465650551e+00 -1.161685649972755252e+00
2.529305881566862535e+00 -1.118194272458741256e+00
2.487499576891651909e+00 -1.076437031625396168e+00
2.447322363425870506e+00 -1.036306989478681828e+00
2.408676349239851522e+00 -9.977062580906503886e-01
2.402738301428487322e+00 -9.732090535429164246e-01
2.402725477476130855e+00 -9.513061609123781848e-01
2.402712517889553645e+00 -9.295392160859315966e-01
2.402699903620205468e+00 -9.079044833803020520e-01
2.402687360742098210e+00 -8.863980111318959798e-01
2.402674749035052404e+00 -8.650159824641585615e-01
2.402662291413125928e+00 -8.437547869280853652e-01
2.402649904588677998e+00 -8.226107725197332465e-01
2.402637649365114481e+00 -8.015804067344173278e-01
2.402625281185538419e+00 -7.806601216289577039e-01
2.402613157556710899e+00 -7.598466115473803129e-01
2.402601108173687994e+00 -7.391364570518406119e-01
2.402588887078739077e+00 -7.185262805853634971e-01
2.402576860563401695e+00 -6.980129472107764466e-01
2.402564868625162831e+00 -6.775932151961638894e-01
2.402552910514200057e+00 -6.572639438264236134e-01
2.402541148119243353e+00 -6.370220854614041528e-01
8.061875210029308958e-01 -2.069937207732504558e-01
8.061835815311697573e-01 -2.002569893217953367e-01
8.332758207093192704e-01 -2.000517700482170036e-01
8.630075198476461207e-01 -2.000343453250443271e-01
8.948191183194095233e-01 -2.000157109963301427e-01
9.289410746787086781e-01 -1.999957188967604882e-01
9.656392512242534254e-01 -1.999742110057592670e-01
1.005222006533486923e+00 -1.999510217794382982e-01
1.048048783182282007e+00 -1.999259274406404441e-01
1.094541369271063935e+00 -1.998986747398108499e-01
1.145198200948468914e+00 -1.998690042240766351e-01
1.200611895919315941e+00 -1.998365309766077513e-01
1.261493442402572551e+00 -1.998008469714632751e-01
1.328702959071692780e+00 -1.997614623398208944e-01
1.403290823631572204e+00 -1.997177633048442258e-01
1.486553343689491102e+00 -1.996689737837272494e-01
1.580109643273804210e+00 -1.996141599032478786e-01
1.686008240009144288e+00 -1.995521084679684476e-01
1.806879987627711959e+00 -1.994812818753553540e-01
1.946160640707027989e+00 -1.993996739648534744e-01
2.402300874519900376e+00 -2.270841226980846450e-01
2.402289615431288716e+00 -2.080606595192565356e-01
5.568262974870254567e+00 -4.373352174522961849e-02
5.524477958679184120e+00 4.116056828706856254e-07
5.481375904483922312e+00 4.305192153621680007e-02
5.438936066132986191e+00 8.544204508897480788e-02
5.397137833151756325e+00 1.271910112911153745e-01
5.355962176935888053e+00 1.683183004162984164e-01
5.024288315593541832e+00 1.974052106589751499e-01
3.618620959761214451e+00 1.991450418112364062e-01
4.002022667965463576e+00 2.517862368629249503e-01
4.002004111818839860e+00 2.833574027599311540e-01
4.001985469640796822e+00 3.149634034673114980e-01
4.001966966285413818e+00 3.466082209061583930e-01
4.001948272596136391e+00 3.782958111474667429e-01
4.001929929855964296e+00 4.100302304431336364e-01
4.001910975896437961e+00 4.418154097234123778e-01
4.001892265493831147e+00 4.736554899255203677e-01
4.001873622990650858e+00 5.055545366679017327e-01
4.001854791347867923e+00 5.375166288316229890e-01
4.001836375929967105e+00 5.695459917600674826e-01
4.001817481033006274e+00 6.016466786710052972e-01
4.001798543326087199e+00 6.338229614259996980e-01
4.001779441341618337e+00 6.660790716655061727e-01
4.001760437199953557e+00 6.984193450152569316e-01
4.001741703649809523e+00 7.308481525873021800e-01
4.001722386423439026e+00 7.633697209522324334e-01
4.001703416602047980e+00 7.959886521961603290e-01
4.001684226954736801e+00 8.287093192073374803e-01
4.001665092938071489e+00 8.615363110311100581e-01
4.001645728104158195e+00 8.944741560709185135e-01
4.001626216238256539e+00 9.275275177103698976e-01
4.001606542639443376e+00 9.607010998101583876e-01
5.201414456682953436e+00 1.292038546278410527e+00
5.201389261178832157e+00 1.335490260459726963e+00
5.201363563219538300e+00 1.379117048593255568e+00
5.201337965023440368e+00 1.422925543320118225e+00
5.201312006288443257e+00 1.466922197123553095e+00
5.201286004204590085e+00 1.511113776200146530e+00
5.201260127860937388e+00 1.555507121004466642e+00
5.201233940638394948e+00 1.600109003721220002e+00
5.201207767894667100e+00 1.644926539392741471e+00
5.201181323527802824e+00 1.689966777236073137e+00
5.201154618453024625e+00 1.735236982171225018e+00
5.201127952884742278e+00 1.780744650116689476e+00
4.233148767670425805e+00 1.561691475827519549e+00
4.194553828108486648e+00 1.584990258995413237e+00
4.156432450373427123e+00 1.608002889955332027e+00
4.118772080578308348e+00 1.630737676112103296e+00
4.081562319550717355e+00 1.653203389115376565e+00
4.044787406637535554e+00 1.675406249728209618e+00
4.008435534569170677e+00 1.697353625059945026e+00
3.972495292520716870e+00 1.719052669902086716e+00
3.936987939265436331e+00 1.740524612051445486e+00
3.952118196537630634e+00 1.784450247596519823e+00
4.202822567149067545e+00 1.937528235021716894e+00
5.200737398078024043e+00 2.447281872794113688e+00
5.200708009177223090e+00 2.497345039034154279e+00
5.200678602309406706e+00 2.547786789849109113e+00
1.986626963539747104e+00 9.926614714492196789e-01
1.948163001370995184e+00 9.926388713989841017e-01
1.910868588178489036e+00 9.926169913036260173e-01
1.874686825279609392e+00 9.925958188125501014e-01
1.839564183350881788e+00 9.925752133781379216e-01
1.805450681544844560e+00 9.925551475693882297e-01
1.772299642209399728e+00 9.925357242380986600e-01
1.740066826761986540e+00 9.925168283852728868e-01
1.708710828100801660e+00 9.924984574897022238e-01
1.678192526098193138e+00 9.924805243863175086e-01
1.648475372071755318e+00 9.924631269603368944e-01
1.619524544485039685e+00 9.924461463760572144e-01
2.001435163159487107e+00 1.248208548339521995e+00
2.001422320947900069e+00 1.270141518412581938e+00
2.001409335254844990e+00 1.292293933422730356e+00
2.001396200698859928e+00 1.314671876522179428e+00
2.001382953300285816e+00 1.337281639274495282e+00
2.001369466097911332e+00 1.360129592644445218e+00
2.001356035506376863e+00 1.383222590784978667e+00
2.001342192884838056e+00 1.406567168613047647e+00
2.001328464275436314e+00 1.430170763265980138e+00
2.001314406805798640e+00 1.454040355300352916e+00
2.001300354243392920e+00 1.478183709785342081e+00
2.001285861703538504e+00 1.502608265401947918e+00
2.001271425772916945e+00 1.527322410133400421e+00
2.001256752576420439e+00 1.552334207140570355e+00
2.001241895650200053e+00 1.577652254186343139e+00
2.001226863901123476e+00 1.603285403639601370e+00
2.001211613010288826e+00 1.629242765593919007e+00
2.001196220432288175e+00 1.655533862773326037e+00
2.001180505577111912e+00 1.682168333642201974e+00
2.001164752016310278e+00 1.709156547081236432e+00
2.001148779779933218e+00 1.736508844733410495e+00
2.001132484765206332e+00 1.764236001789384334e+00
2.621606785726945166e+00 2.348107423168289021e+00
2.596916218940412691e+00 2.363012478727080978e+00
1.096571451148663501e+00 1.013660452587759941e+00
1.096562013487374143e+00 1.029740506111948006e+00
1.096552421013307965e+00 1.046059223004609517e+00
1.096542744666305857e+00 1.062624088193381722e+00
1.096532846530322569e+00 1.079442672702571437e+00
1.096522883384495106e+00 1.096523135558366446e+00
1.096512699208108677e+00 1.113873645004249457e+00
1.096502323881943797e+00 1.131502884626168104e+00
1.096491789459304700e+00 1.149419892825942702e+00
1.096481117489189083e+00 1.167634067931987429e+00
1.096470306181982490e+00 1.186155173025505549e+00
1.096459237193409209e+00 1.204993252308047769e+00
1.096447984102816964e+00 1.224158987405350230e+00
1.096436552184598012e+00 1.243663442443906808e+00
1.096424864897473705e+00 1.263518067597861672e+00
1.096412982504580080e+00 1.283734974277006780e+00
1.096400924181641479e+00 1.304326764641707825e+00
1.096388650395432318e+00 1.325306537066932577e+00
1.096376120363972362e+00 1.346687983655990628e+00
1.096363270437392679e+00 1.368485397848881790e+00
1.096350287449625815e+00 1.390714056008842903e+00
1.096336987371463012e+00 1.413389482029895339e+00
1.096323386247318732e+00 1.436528199927479710e+00
1.096309519605034977e+00 1.460147560098589370e+00
1.096295341236031673e+00 1.484265653899080162e+00
1.096280906466197802e+00 1.508901609977590041e+00
1.096266125653275303e+00 1.534075317913227376e+00
1.096251079378867788e+00 1.559807921472619263e+00
1.096235632601904042e+00 1.586121346641037766e+00
1.096219808522794548e+00 1.613038897246628300e+00
1.096203670702731614e+00 1.640585174953183012e+00
1.096187078422870220e+00 1.668785795688932705e+00
1.096170102342075126e+00 1.697668097239812601e+00
1.096152831891957558e+00 1.727260961338281442e+00
1.096135065352490612e+00 1.757594425971604757e+00
1.096116703674647086e+00 1.788700402620226670e+00
1.096098048942862668e+00 1.820613310824502618e+00
1.096078859598379918e+00 1.853368676228810186e+00
1.096059029302401067e+00 1.887004366779063469e+00
1.096038852858212342e+00 1.921561240364772383e+00
1.096017980552759008e+00 1.957081518789232311e+00
1.095996517489396416e+00 1.993610876193102177e+00
1.095974439084602681e+00 2.031197642576588969e+00
1.095951825947363290e+00 2.069893458021869304e+00
1.095928408755137307e+00 2.109752670813463293e+00
1.095904332750169852e+00 2.150834053992649153e+00
1.058459348101696396e+00 2.869080818881212913e+00
1.032926859576005718e+00 2.869065963956920928e+00
1.007538522231034683e+00 2.869050912610692006e+00
9.822902262787649441e-01 2.869036269426401109e+00
9.571775150583679004e-01 2.869021417824864084e+00
9.321963676664390963e-01 2.869006773818703504e+00
9.073426527554699916e-01 2.868992210673446674e+00
8.826123580967022431e-01 2.868977737907144387e+00
8.580015147506491191e-01 2.868963276824639141e+00
8.335062649628226517e-01 2.868948890586752398e+00
8.091227898057793411e-01 2.868934558455584760e+00
7.848473733911746075e-01 2.868920406775290033e+00
7.606762729031610881e-01 2.868906251525877860e+00
7.366058474686034696e-01 2.868892058720106331e+00
7.126325503265291683e-01 2.868877947759259861e+00
6.887528652683385655e-01 2.868863962760239250e+00
6.649633077803317471e-01 2.868850073364965336e+00
6.412604261719606624e-01 2.868836175564673407e+00
2.716944234869947405e-01 1.261968058335654952e+00
2.586327134759686674e-01 1.248891046278337358e+00
2.458800682550910666e-01 1.236123516466126171e+00
2.334240985249213252e-01 1.223652945704093442e+00
2.212530895811281872e-01 1.211467614182358155e+00
2.093559433085762367e-01 1.199556505404828277e+00
1.977221058099298545e-01 1.187909086658389235e+00
1.863415058289089321e-01 1.176515086860550507e+00
1.752046458167969833e-01 1.165365215161582535e+00
1.643024074966396297e-01 1.154450113733630490e+00
1.536261928691208256e-01 1.143761429250964801e+00
1.431677460131708379e-01 1.133290761984681039e+00
1.329192069625130257e-01 1.123030146677941987e+00
1.228731169729223444e-01 1.112972298918929237e+00
1.130223152461883457e-01 1.103109913477817061e+00
1.033599924201466097e-01 1.093436264083335274e+00
9.387963369089699639e-02 1.083944855532085416e+00
8.457499728530384897e-02 1.074629311459065484e+00
7.544013209942056208e-02 1.065483737029226496e+00
6.646933351053804784e-02 1.056502368710653839e+00
5.765714864857674621e-02 1.047679817671542946e+00
4.899835351147395490e-02 1.039010956318345391e+00
4.048792155706537610e-02 1.030490446816252570e+00
3.212106334566407206e-02 1.022113817457667606e+00
2.389316221788270744e-02 1.013876276198171000e+00
1.579979600742157167e-02 1.005773429335282465e+00
7.886269850834431994e-03 1.004110242652676677e+00
