2.650926582572679546e+00 -1.247431194034413826e+00
2.603723932597752810e+00 -1.200333009024996622e+00
2.558495643871403047e+00 -1.155204916512817759e+00
2.515114797480321851e+00 -1.111920460714105774e+00
2.473466431815579014e+00 -1.070364348369331919e+00
2.433443720305409563e+00 -1.030430144202736598e+00
2.395734822971437694e+00 -9.923457032152244173e-01
2.393448972001321007e+00 -9.694464883503249863e-01
2.393424617817637046e+00 -9.476236906602207855e-01
2.393400812011668766e+00 -9.259367893629233404e-01
2.393376918876493509e+00 -9.043816216052844581e-01
2.393353100454563176e+00 -8.829544213043358791e-01
2.393329657989220927e+00 -8.616515432634412885e-01
2.393306136324430788e+00 -8.404691397226742300e-01
2.393282894598575350e+00 -8.194037287846297479e-01
2.393259536469561244e+00 -7.984516321765036118e-01
2.393236489419409807e+00 -7.776095188656011459e-01
2.393213653538087016e+00 -7.568739393732046850e-01
2.393190852440201244e+00 -7.362414849904616032e-01
2.393168062718852962e+00 -7.157088572951112448e-01
2.393145417640675454e+00 -6.952728603569479082e-01
2.393122981177743913e+00 -6.749303281471752403e-01
2.393100518834990531e+00 -6.546780626970295502e-01
2.393078187391429967e+00 -6.345130275074164494e-01
7.964999665140162222e-01 -2.045063801774056611e-01
8.037482356929903649e-01 -1.996520464320072630e-01
8.314830131780827083e-01 -1.996213551590938218e-01
8.610844565174464726e-01 -1.995886033060837172e-01
8.927515532432873657e-01 -1.995535555838391373e-01
9.267127908125558644e-01 -1.995159820804382755e-01
9.632314108313875245e-01 -1.994755713924868112e-01
1.002612614585696171e+00 -1.994319816243355359e-01
1.045212323978504942e+00 -1.993848440998050864e-01
1.091447797424498045e+00 -1.993336884088211525e-01
1.141811633943204063e+00 -1.992779538936449435e-01
1.196889771149576731e+00 -1.992169997989016728e-01
1.257384612858471362e+00 -1.991500725834416952e-01
1.324144956497483427e+00 -1.990761976210542183e-01
1.398206993336035486e+00 -1.989942274571441516e-01
1.480849025721932000e+00 -1.989027884870114282e-01
1.573665504485212363e+00 -1.988000763008470062e-01
1.678672638270020778e+00 -1.986838832961178858e-01
1.798456577586341920e+00 -1.985513293359947584e-01
1.936390967169275390e+00 -1.983986930193837317e-01
2.392626061739429488e+00 -2.261695843087329905e-01
2.392605067998193835e+00 -2.072218874939636690e-01
5.561330930067446054e+00 -4.367907698687486379e-02
5.517554759979232948e+00 4.110898643716605807e-07
5.474461978942369633e+00 4.299761805747185500e-02
5.432032315893993157e+00 8.533359179369229275e-02
5.390244681718213471e+00 1.270285646520042389e-01
5.349080045980595166e+00 1.681020202135319608e-01
5.092761752123831087e+00 2.000955445557887624e-01
3.608726540524864301e+00 1.986005182055778084e-01
3.992101183431914446e+00 2.511620291904417268e-01
3.992066431664893944e+00 2.826537764868933822e-01
3.992031279940044808e+00 3.141799909610212826e-01
3.991996433620713436e+00 3.457446783988082917e-01
3.991961568298004970e+00 3.773517888498720274e-01
3.991926281428882284e+00 4.090052753985118916e-01
3.991891040110532085e+00 4.407091977008771311e-01
3.991856229633781172e+00 4.724676459839955434e-01
3.991820733554287237e+00 5.042845605667133357e-01
3.991785721015083332e+00 5.361641827727483545e-01
3.991750385405250956e+00 5.681105418973910748e-01
3.991714783196236738e+00 6.001278051521810042e-01
3.991679357206822321e+00 6.322202389391244903e-01
3.991643521880743339e+00 6.643919912244331538e-01
3.991608017367612948e+00 6.966474632345013296e-01
3.991572084876751969e+00 7.289908495319781245e-01
3.991536286179682147e+00 7.614266175208077581e-01
3.991500154224135510e+00 7.939590962239453376e-01
3.991464067184978148e+00 8.265928249602558786e-01
3.991427841733412585e+00 8.593322875975835107e-01
3.991391201320479531e+00 8.921819968409501200e-01
3.991354704444137536e+00 9.251467081787669855e-01
3.991318344304338517e+00 9.582311209778364702e-01
3.991281551933013372e+00 9.914398587333531632e-01
5.190906043892909771e+00 1.332798626767143224e+00
5.190858022556773754e+00 1.376331553971199106e+00
5.190809551569031122e+00 1.420045294327329399e+00
5.190761104239997259e+00 1.463946533983978116e+00
5.190712091957999874e+00 1.508041769690364520e+00
5.190663157121002236e+00 1.552337953717726204e+00
5.190613876754166967e+00 1.596841844421101664e+00
5.190564135487122144e+00 1.641560399410642912e+00
5.190514571828095391e+00 1.686500938444414732e+00
5.190464303054636019e+00 1.731670422053103620e+00
5.190414098818442845e+00 1.777076476888974188e+00
4.228823200560016815e+00 1.560095689415277986e+00
4.190239589394363584e+00 1.583360043573919906e+00
4.152130703554682611e+00 1.606338669160458865e+00
4.114482207005552006e+00 1.629039194544298352e+00
4.077284592115416828e+00 1.651470730652739416e+00
4.040522538185831181e+00 1.673639682900363912e+00
4.004183793910914169e+00 1.695553244997232589e+00
3.968256947764493781e+00 1.717218573866059028e+00
3.932751046479177504e+00 1.738651500859115240e+00
3.907358372935804347e+00 1.764240407116893117e+00
4.144450560760919444e+00 1.910618364641768041e+00
5.189678339913297300e+00 2.442077873725306159e+00
5.189623107619870446e+00 2.492022143793047206e+00
5.189567334066913951e+00 2.542343434354285669e+00
1.988699793484157485e+00 9.936972061193140027e-01
1.950156255506988456e+00 9.936544853566309232e-01
1.912786100036537595e+00 9.936130591981426896e-01
1.876532400313204230e+00 9.935730007273896325e-01
1.841341177977650290e+00 9.935340278825731675e-01
1.807162426862604754e+00 9.934961877450284584e-01
1.773949026815160090e+00 9.934594242181903345e-01
1.741656510084859333e+00 9.934235679572758215e-01
1.710243758572089545e+00 9.933888545675291226e-01
1.679671216317435212e+00 9.933550195478532130e-01
1.649902007609255206e+00 9.933220316128220650e-01
1.620901497082961829e+00 9.932899442080838082e-01
1.991000498893238602e+00 1.241700899540335801e+00
1.990976282265899844e+00 1.263512259163255713e+00
1.990951990841550945e+00 1.285541710123396575e+00
1.990927247441351522e+00 1.307795058019443513e+00
1.990902517837559227e+00 1.330278834592465431e+00
1.990877308150468927e+00 1.352999127851835182e+00
1.990851752792075269e+00 1.375962632590314705e+00
1.990826201166627785e+00 1.399176404180644262e+00
1.990800234744067421e+00 1.422647177640984362e+00
1.990773838392499107e+00 1.446382182357299984e+00
1.990747190011670220e+00 1.470389019987308643e+00
1.990720456390381088e+00 1.494675532924960137e+00
1.990693216483588879e+00 1.519249374213031745e+00
1.990665600610149966e+00 1.544118865721185063e+00
1.990637703422251548e+00 1.569292581220965488e+00
1.990609575413472498e+00 1.594779349695622628e+00
1.990581029422076043e+00 1.620588107939257672e+00
1.990552005266813307e+00 1.646728200205523462e+00
1.990522737550543875e+00 1.673209541653356558e+00
1.990493009453550899e+00 1.700042015830609321e+00
1.990462875998488146e+00 1.727236087696080169e+00
1.990432284926215933e+00 1.754802504544196617e+00
1.990401422460617242e+00 1.782752615918536288e+00
2.593408251977254775e+00 2.359820473667985308e+00
2.568854660861303429e+00 2.374625361104559129e+00
1.086244223711447132e+00 1.020051454389254930e+00
1.086226342700392422e+00 1.036208631961536897e+00
1.086208143836227435e+00 1.052609160971144986e+00
1.086189718977947916e+00 1.069260749484706174e+00
1.086171028524679283e+00 1.086171278317872968e+00
1.086151979453469973e+00 1.103348885294397119e+00
1.086132665239981421e+00 1.120802224526853630e+00
1.086113017548737902e+00 1.138540133386073849e+00
1.086093045157069614e+00 1.156571891883849679e+00
1.086072736864754251e+00 1.174907143267666765e+00
1.086052128773317138e+00 1.193555986792962154e+00
1.086031049109827729e+00 1.212528718776310077e+00
1.086009663776674072e+00 1.231836456280831493e+00
1.085987976624479989e+00 1.251490616082831631e+00
1.085965741874980184e+00 1.271502824170330337e+00
1.085943224542635921e+00 1.291885825168841206e+00
1.085920246024883351e+00 1.312652406855036702e+00
1.085896786385927903e+00 1.333816129843390819e+00
1.085872881041086258e+00 1.355391248223760892e+00
1.085848521462150051e+00 1.377392626043541624e+00
1.085823706139694922e+00 1.399835838135941035e+00
1.085798342230194224e+00 1.422737084344484648e+00
1.085772437708180105e+00 1.446113481084302599e+00
1.085745996503174160e+00 1.469982978903428439e+00
1.085718987850557093e+00 1.494364372386757456e+00
1.085691384643938440e+00 1.519277406351304816e+00
1.085663196908433603e+00 1.544742884584936693e+00
1.085634364763019555e+00 1.570782584863331666e+00
1.085604856638450411e+00 1.597419465679412509e+00
1.085574691632275490e+00 1.624677779316841875e+00
1.085543825859010658e+00 1.652582987748473675e+00
1.085512172368751749e+00 1.681161874656594835e+00
1.085479743698429811e+00 1.710442860762122042e+00
1.085446527398441274e+00 1.740455922402446731e+00
1.085412365754826025e+00 1.771232505741382690e+00
1.085377393191370832e+00 1.802806355889442047e+00
1.085341585106602613e+00 1.835212931286861471e+00
1.085304694192710029e+00 1.868489417518795603e+00
1.085266895037356072e+00 1.902675982257887366e+00
1.085227971633198507e+00 1.937814565674655709e+00
1.085187941070054896e+00 1.973950142639747440e+00
1.085146825140667737e+00 2.011130546909632333e+00
1.085104430868787384e+00 2.049406287346904776e+00
1.085060689676695889e+00 2.088831414307815937e+00
1.085015739423547787e+00 2.129463979409401464e+00
1.084969345928328943e+00 2.171365222646970849e+00
1.058662679121896710e+00 2.869631971961382533e+00
1.033120525371846954e+00 2.869603891631160142e+00
1.007722822412871144e+00 2.869575722921390071e+00
9.824653019266132992e-01 2.869547623779862722e+00
9.573438155805344962e-01 2.869519883106784519e+00
9.323541066146314726e-01 2.869492244612793286e+00
9.074920447890507669e-01 2.869464584125061890e+00
8.827537591648959570e-01 2.869437369491772305e+00
8.581351344791798841e-01 2.869410071017450825e+00
8.336323804948675420e-01 2.869382983323609970e+00
8.092416091417795609e-01 2.869355860269794611e+00
7.849591683795449359e-01 2.869329060654227881e+00
7.607812497734715018e-01 2.869302173957307911e+00
7.367043319068555807e-01 2.869275630509252828e+00
7.127247430181158361e-01 2.869249092158594916e+00
6.888389676973201148e-01 2.869222605414328164e+00
6.650435222042285766e-01 2.869196142318227505e+00
6.413350596152093130e-01 2.869170066622284132e+00
6.177100515646645196e-01 2.869143740172462209e+00
2.613998274362053231e-01 1.262252943938249938e+00
2.485073852859631116e-01 1.249331941167324489e+00
2.359152073736307531e-01 1.236711805950553300e+00
2.236114674144349668e-01 1.224380872806071441e+00
2.115848525486841991e-01 1.212327590556146806e+00
1.998246902218833165e-01 1.200541357178645629e+00
1.883208122646216898e-01 1.189011947786823953e+00
1.770635704734698779e-01 1.177729762473632702e+00
1.660437736695873634e-01 1.166685603201139232e+00
1.552526515155994435e-01 1.155870566575605940e+00
1.446818834690743183e-01 1.145276408465366380e+00
1.343235127532483031e-01 1.134895081582307563e+00
1.241699609352744232e-01 1.124718980712931637e+00
1.142140068885266480e-01 1.114740951663582447e+00
1.044487431577362929e-01 1.104954062325704145e+00
9.486757422154749875e-02 1.095351728499827759e+00
8.546418097592330121e-02 1.085927483352439493e+00
7.623253839389673714e-02 1.076675340177154272e+00
6.716688632822150062e-02 1.067589680185900169e+00
5.826167960156825726e-02 1.058664663322986366e+00
4.951164466302302586e-02 1.049895304301913024e+00
4.091169674286931207e-02 1.041276287723231331e+00
3.245697669407096586e-02 1.032802805900558063e+00
2.414282038130077107e-02 1.024470206241442138e+00
1.596475232791934318e-02 1.016274114539043261e+00
7.918468998359743521e-03 1.008209962094996914e+00
-1.557310132877631922e-07 1.001678228378283686e+00
