2.582976707709639275e+00 -1.215456414313192735e+00
2.536846220824779508e+00 -1.169501965839451207e+00
2.492649029349138345e+00 -1.125474034221088049e+00
2.450263076162023879e+00 -1.083249818754309146e+00
2.409573325793054277e+00 -1.042715336475164678e+00
2.370475318628234795e+00 -1.003766474655333418e+00
2.355256016088042248e+00 -9.755788349888843136e-01
2.355214819544727778e+00 -9.539600646714855303e-01
2.355173760114463111e+00 -9.324791071718750990e-01
2.355132918380702378e+00 -9.111320602985270023e-01
2.355092285650312256e+00 -8.899150666692107192e-01
2.355051988807433716e+00 -8.688243976721018447e-01
2.355012070387437983e+00 -8.478563653275493772e-01
2.354972264698527162e+00 -8.270072446401075528e-01
2.354932672538054828e+00 -8.062735154583945407e-01
2.354893089944656737e+00 -7.856516197324658890e-01
2.354853913255861020e+00 -7.651382663523987882e-01
2.354815012221057824e+00 -7.447300462121270170e-01
2.354776180923733087e+00 -7.244235914138305032e-01
2.354737595663102478e+00 -7.042157130858656133e-01
2.354699134446206266e+00 -6.841031850460906893e-01
2.354660834131806713e+00 -6.640828833099760020e-01
2.354622663909997193e+00 -6.441517152574764982e-01
7.576716476976994574e-01 -2.008929476563585670e-01
7.750309735910702047e-01 -1.989940811023136746e-01
8.009005007697662659e-01 -1.989446655882690929e-01
8.284451569484974076e-01 -1.988920306055945719e-01
8.578369826827473288e-01 -1.988358795029366299e-01
8.892721641754209871e-01 -1.987758202136458707e-01
9.229758513783330454e-01 -1.987114403188636469e-01
9.592072928373375218e-01 -1.986422168868223204e-01
9.982669796759598979e-01 -1.985675813875374951e-01
1.040505110853266801e+00 -1.984868954882276215e-01
1.086331794188020394e+00 -1.983993406576552709e-01
1.136231161507869292e+00 -1.983040059186773618e-01
1.190778421627947559e+00 -1.981997927462822717e-01
1.250662390169948956e+00 -1.980853775628004521e-01
1.316715170638383281e+00 -1.979591797970534917e-01
1.389951257036625698e+00 -1.978192627524753000e-01
1.471620462178383937e+00 -1.976632380732571137e-01
1.563280278155514624e+00 -1.974881178313621644e-01
1.666897082633925553e+00 -1.972901552586132090e-01
1.784989311606850704e+00 -1.970645302683530775e-01
1.920836311116699946e+00 -1.968049944928365325e-01
2.353817150080141474e+00 -2.225010647862655511e-01
2.353781367692971305e+00 -2.038593933805999403e-01
5.526583924367191258e+00 -4.340617160574761213e-02
5.483011245727523963e+00 4.085161720013271338e-07
5.440119795543800763e+00 4.272788706094448469e-02
5.397889742802520985e+00 8.479723482349364738e-02
5.356299486194030735e+00 1.262285992109374311e-01
5.315330437993261548e+00 1.670413934823337943e-01
5.204093623111705647e+00 2.044697942136376456e-01
3.606045765435950123e+00 1.984529860177347560e-01
3.952921836831006619e+00 2.486970705777994950e-01
3.952862228758243113e+00 2.798779669668343684e-01
3.952802550394905801e+00 3.110926198885959337e-01
3.952742805664190673e+00 3.423449426526756212e-01
3.952683158181193424e+00 3.736388827842264670e-01
3.952623218501559954e+00 4.049783573285617999e-01
3.952563230561550789e+00 4.363673639134537652e-01
3.952503121293336807e+00 4.678098954563747469e-01
3.952442974285614863e+00 4.993099894738818878e-01
3.952382555587436119e+00 5.308716727367133181e-01
3.952322258626674412e+00 5.624990851910613987e-01
3.952261685165680216e+00 5.941962939061362636e-01
3.952201061699922136e+00 6.259674878574978951e-01
3.952139823522510920e+00 6.578167695972800821e-01
3.952078732505210024e+00 6.897484952238528422e-01
3.952017990605507958e+00 7.217669858080809631e-01
3.951956305364031419e+00 7.538763289218172181e-01
3.951894641195952129e+00 7.860810663819410848e-01
3.951832932288320333e+00 8.183856079593740951e-01
3.951771021256988980e+00 8.507943939890516560e-01
3.951709123700919868e+00 8.833119980200618837e-01
3.951646429698078222e+00 9.159428206796500493e-01
3.951583893327571761e+00 9.486917196531490237e-01
3.951521437798287018e+00 9.815633913811907529e-01
5.150873713965521183e+00 1.322520067705900804e+00
5.150791043667895863e+00 1.365707983247933965e+00
5.150708121283048335e+00 1.409074780613106759e+00
5.150624995555922681e+00 1.452626976790783342e+00
5.150541574044582127e+00 1.496371151507286612e+00
5.150457621515317719e+00 1.540313945035014731e+00
5.150373214124607912e+00 1.584462196182983451e+00
5.150288277654495595e+00 1.628822814141575037e+00
5.150203039215239365e+00 1.673402923470964643e+00
5.150117567296601528e+00 1.718209728585379681e+00
5.150031318627917187e+00 1.763250356779540562e+00
4.168936920607235308e+00 1.575310433555342948e+00
4.130979521868928472e+00 1.598155891818893171e+00
4.093481511326106492e+00 1.620724428638575354e+00
4.056432051992228338e+00 1.643024580060307827e+00
4.019818476350822678e+00 1.665063777393881672e+00
3.983627639938355447e+00 1.686848835967398319e+00
3.947847250011191189e+00 1.708386506656120130e+00
3.912466731463049463e+00 1.729683896673169130e+00
3.877522401852952161e+00 1.750768946158888006e+00
3.958531582751952271e+00 1.824908519992506806e+00
5.148771215119520406e+00 2.422828437094851850e+00
5.148676715788385039e+00 2.472359961581267029e+00
5.148581364876151589e+00 2.522264610251020223e+00
5.148485162572876916e+00 2.572552850137441283e+00
5.148388280238989090e+00 2.623235493346164127e+00
1.915889071338549909e+00 9.952249241149452308e-01
1.879521056127396283e+00 9.951554129068717058e-01
1.844221214374748286e+00 9.950880115746122412e-01
1.809938659229551883e+00 9.950224347673533032e-01
1.776626442537286410e+00 9.949588494223473578e-01
1.744239434837708380e+00 9.948968425719214581e-01
1.712736381242132788e+00 9.948366853616206207e-01
1.682077486828256419e+00 9.947780842923660272e-01
1.652225741476012422e+00 9.947210335140317383e-01
1.623146172743441085e+00 9.946654835394836969e-01
1.594805622760838926e+00 9.946112908936570740e-01
1.568055848915854922e+00 9.951187293416620117e-01
1.950983343500566347e+00 1.259734275544157844e+00
1.950941728506809358e+00 1.281529475426135933e+00
1.950899717790374410e+00 1.303549812076082226e+00
1.950857124200849446e+00 1.325801432766039900e+00
1.950814189973321122e+00 1.348290963787586616e+00
1.950770593454824064e+00 1.371024845228572042e+00
1.950726815564566730e+00 1.394010282939457390e+00
1.950682374527306306e+00 1.417254022301680738e+00
1.950637379741042787e+00 1.440763447784261020e+00
1.950591935465164406e+00 1.464546180404946218e+00
1.950545943251166481e+00 1.488609937041261988e+00
1.950499476264214715e+00 1.512962819046921092e+00
1.950452203646352078e+00 1.537612880508696156e+00
1.950404510180516082e+00 1.562569011426067078e+00
1.950356355119502449e+00 1.587840067112501474e+00
1.950307275210100721e+00 1.613434856590939326e+00
1.950257847995847893e+00 1.639363358374164026e+00
1.950207652645854717e+00 1.665635062944794909e+00
1.950156731695828816e+00 1.692260189459085407e+00
1.950105205952211262e+00 1.719249393935785131e+00
1.950052903730218334e+00 1.746613460015938424e+00
1.949999710264469055e+00 1.774363614529399502e+00
2.554074910645103724e+00 2.360963097439392921e+00
2.529756213435240486e+00 2.375599748597933658e+00
2.505546125958699744e+00 2.390172675284037762e+00
1.046450051574662865e+00 1.014080880388147810e+00
1.046419424648711294e+00 1.030110300922441713e+00
1.046388369908682670e+00 1.046388610552822396e+00
1.046356760038317901e+00 1.062923593242866893e+00
1.046324581293931688e+00 1.079723459041951994e+00
1.046292000102967190e+00 1.096796939278521066e+00
1.046258854108851333e+00 1.114152776958352797e+00
1.046225057677032444e+00 1.131800156662475354e+00
1.046190746157594109e+00 1.149748888954501558e+00
1.046155854840620458e+00 1.168008980360149218e+00
1.046120349215922563e+00 1.186590899513767727e+00
1.046084208165053875e+00 1.205505584159607846e+00
1.046047406945414426e+00 1.224764447772298981e+00
1.046009899973264101e+00 1.244379385792357517e+00
1.045971755386233104e+00 1.264362965177338705e+00
1.045932829155026278e+00 1.284728066009666936e+00
1.045893127169373882e+00 1.305488345729404642e+00
1.045852628688903163e+00 1.326658065293100153e+00
1.045811410530409491e+00 1.348252284522900801e+00
1.045769255871847880e+00 1.370286400456469211e+00
1.045726287162050738e+00 1.392777002685084087e+00
1.045682425279777839e+00 1.415741224421116939e+00
1.045637580518528953e+00 1.439197033708557560e+00
1.045591760470446774e+00 1.463163437067165784e+00
1.045544962802859246e+00 1.487660396338883029e+00
1.045497072226378110e+00 1.512708741434578563e+00
1.045448096786117276e+00 1.538330572078327130e+00
1.045397987882033197e+00 1.564549076674494943e+00
1.045346665507155492e+00 1.591388642784366203e+00
1.045294167753424430e+00 1.618875170043684086e+00
1.045240338598701246e+00 1.647035686585256675e+00
1.045185164988227777e+00 1.675898963692747712e+00
1.045128586655065028e+00 1.705495334094198068e+00
1.045070560861721232e+00 1.735856911423861559e+00
1.045011056325267917e+00 1.767017711495414201e+00
1.044949862097714677e+00 1.799013465632921083e+00
1.044886996214565933e+00 1.831882462242258480e+00
1.044822492274829928e+00 1.865665368934104507e+00
1.044756080118738994e+00 1.900404838023348031e+00
1.044687791234812035e+00 1.936146777799888863e+00
1.044617388610857844e+00 1.972939546820329682e+00
1.044545044275222878e+00 2.010835451786337380e+00
1.044470322705097098e+00 2.049889092801806534e+00
1.044393374572951005e+00 2.090159930159372959e+00
1.044314016336002071e+00 2.131710840944550434e+00
1.044232014297701960e+00 2.174609001143295028e+00
1.008032253965487124e+00 2.870456855363312076e+00
9.827600808184693282e-01 2.870408602856687974e+00
9.576242779402864835e-01 2.870360534401203090e+00
9.326206640712216833e-01 2.870312624497434850e+00
9.077452491886037755e-01 2.870265209388097816e+00
8.829938675727112551e-01 2.870217854458232409e+00
8.583626159188564309e-01 2.870170717572697150e+00
8.338476283122182586e-01 2.870123871560145812e+00
8.094450775472179505e-01 2.870077305206546470e+00
7.851511764293513940e-01 2.870030924266225192e+00
7.609621790592625556e-01 2.869984552490174146e+00
7.368745599756226783e-01 2.869938625456055714e+00
7.128846433098827706e-01 2.869892810187865795e+00
6.889889094837947647e-01 2.869847158297402334e+00
6.651838705284559561e-01 2.869801646855914434e+00
6.414660712134973020e-01 2.869756179217490821e+00
6.178321905225168109e-01 2.869711052013131258e+00
5.942788310391141637e-01 2.869666026012863913e+00
5.708027243760904756e-01 2.869621258329094093e+00
5.474005351677722064e-01 2.869576370095858309e+00
2.332996722453706540e-01 1.277428477313939714e+00
2.201073442778653244e-01 1.261159308607397556e+00
2.078695490824091774e-01 1.248874652548712438e+00
1.958988977670322873e-01 1.236858142242778014e+00
1.841853217914549423e-01 1.225099746404819445e+00
1.727192094270532663e-01 1.213589709396817762e+00
1.614914536826254909e-01 1.202319034444954582e+00
1.504933283513598674e-01 1.191278786670520784e+00
1.397165514048222812e-01 1.180460693402614725e+00
1.291532287690621561e-01 1.169856918072506247e+00
1.187958212236638472e-01 1.159459950772699255e+00
1.086370942909006682e-01 1.149262260386521683e+00
9.867019791304461329e-02 1.139257251198116716e+00
8.888853288008739806e-02 1.129438083968265394e+00
7.928582465133997281e-02 1.119798632266744809e+00
6.985604746494315787e-02 1.110332776298645685e+00
6.059344091302783925e-02 1.101034765260100468e+00
5.149247590682402842e-02 1.091898866002103397e+00
4.254787949988894646e-02 1.082920082601113387e+00
3.375456978116912754e-02 1.074093089770927323e+00
2.510768614558043024e-02 1.065413070948851848e+00
1.660256146388486981e-02 1.056875365443807890e+00
8.234714772043816647e-03 1.048475591671215179e+00
-1.617214232407096594e-07 1.040209174156176308e+00
-8.106202581295327697e-03 1.032072062362532350e+00
-1.608738600060211424e-02 1.024060376495462776e+00
-2.394753385597875664e-02 1.016170053094300529e+00
-3.169033240907701693e-02 1.008397682382741189e+00
-3.933811765492223333e-02 1.001217932997655602e+00
