2.253335330499828260e+00 -1.691851877000319027e+00
2.216837490158157120e+00 -1.637381433769405037e+00
2.181903105659044328e+00 -1.585245257834585697e+00
2.148431773581239490e+00 -1.535291880567401179e+00
2.116328974036489008e+00 -1.487380779039897627e+00
2.085508387797906149e+00 -1.441383414570654331e+00
2.070977240373546913e+00 -1.407434546777238005e+00
2.075105216787122231e+00 -1.386540844790500993e+00
2.079206337355851364e+00 -1.365783151087616165e+00
2.083281268847577472e+00 -1.345157543529562183e+00
2.087330779108714118e+00 -1.324660259970740217e+00
2.091355945332554089e+00 -1.304287818222222173e+00
2.095356945076188193e+00 -1.284036254310174430e+00
2.099334875788906540e+00 -1.263902262696496415e+00
2.103290138243824714e+00 -1.243882186905531650e+00
2.107223659888550760e+00 -1.223972763604023184e+00
2.111136081437182455e+00 -1.204170627312853181e+00
2.115027752873916089e+00 -1.184472319882788227e+00
2.118899565378864036e+00 -1.164874759502174895e+00
2.122752336198088230e+00 -1.145374877828141180e+00
2.126586177062893324e+00 -1.125969286512739087e+00
2.130402174305698004e+00 -1.106655182521308678e+00
6.560474757707616122e-01 -3.342728434844592922e-01
6.624792934759697882e-01 -3.310220978862275509e-01
6.846357145735006977e-01 -3.353995324329414052e-01
7.081375996106015203e-01 -3.400427870391259932e-01
7.331145501467395409e-01 -3.449774749197441204e-01
7.597133045740327439e-01 -3.502325824404336485e-01
7.881007168956313258e-01 -3.558410681862664848e-01
8.184673784169337329e-01 -3.618405908949146599e-01
8.510319477916221675e-01 -3.682743555855867434e-01
8.860464748170098215e-01 -3.751921563657246161e-01
9.238030645025143706e-01 -3.826516995479079530e-01
9.646422900403960332e-01 -3.907202917352864402e-01
1.008963272039870240e+00 -3.994767549699715925e-01
1.057237503719363092e+00 -4.090142757849143940e-01
1.110025203068758737e+00 -4.194435006272670963e-01
1.167998137128909431e+00 -4.308971873215567960e-01
1.231967957932626145e+00 -4.435356778621169505e-01
1.302925016023984472e+00 -4.575546148152210280e-01
1.382090854093365184e+00 -4.731953760749162963e-01
1.470988761081211349e+00 -4.907588831469487656e-01
1.571544199978367917e+00 -5.106255627573474953e-01
1.686226329594469941e+00 -5.332832540329960347e-01
2.214448633510596842e+00 -6.812532100014276892e-01
2.217991622132000629e+00 -6.633200041800467739e-01
2.221529285050571900e+00 -6.454137759445378597e-01
5.364281310477569953e+00 -1.110888896982680452e+00
5.330367846294111978e+00 -1.060275730534621985e+00
5.296984458470328505e+00 -1.010453470765731998e+00
5.264114731633542377e+00 -9.613977032523290944e-01
5.231742700220522124e+00 -9.130849166403030015e-01
5.199853340882710562e+00 -8.654925515571906258e-01
5.167791140375679326e+00 -8.184973556835820618e-01
4.393689086453733239e+00 -6.605613022715878246e-01
3.610587590993997509e+00 -5.138624622538456865e-01
3.877088142265568749e+00 -5.207577742981577273e-01
3.883057294876897547e+00 -4.905439461574864768e-01
3.889033100021729084e+00 -4.602971305803621460e-01
3.895016321304648699e+00 -4.300135338370747462e-01
3.901007412144257724e+00 -3.996893112756870203e-01
3.907007463784776480e+00 -3.693206674063028716e-01
3.913016782299444163e+00 -3.389037055338459115e-01
3.919036549281310844e+00 -3.084345877003157876e-01
3.925067397366875266e+00 -2.779093973596950540e-01
3.931110121928410805e+00 -2.473242039902935896e-01
3.937165442969727369e+00 -2.166750416974174143e-01
3.943234242548879553e+00 -1.859579214960014604e-01
3.949317326229231373e+00 -1.551688136596700851e-01
3.955415183925983680e+00 -1.243036413007964774e-01
3.961529180571262909e+00 -9.335831889756610047e-02
3.967659649056683335e+00 -6.232868599098314449e-02
3.973807557416527469e+00 -3.121055884176930986e-02
3.979973793029774054e+00 2.965311551861302259e-07
3.986159399951344273e+00 3.130816508628334049e-02
3.992364862568243744e+00 6.271737973226877705e-02
3.998591296530277894e+00 9.423232951761412179e-02
4.004839255582946400e+00 1.258574490766543597e-01
4.011110160320904505e+00 1.575972548623462421e-01
4.017404390331641650e+00 1.894562914880915105e-01
5.260367284733527882e+00 2.894959362999560692e-01
5.268661402314550379e+00 3.314764902289079052e-01
5.276989972925253625e+00 3.736313435317095699e-01
5.285353858222429757e+00 4.159667875716298036e-01
5.293755221071021921e+00 4.584893115175341372e-01
5.302194670440509405e+00 5.012053872487638451e-01
5.310673636113467211e+00 5.441216545493718915e-01
5.319193415142407844e+00 5.872448518380125604e-01
5.327755169623853426e+00 6.305818142158330364e-01
5.336360870651657429e+00 6.741395910046013018e-01
5.345011873522283352e+00 7.179252904258993651e-01
5.353708917567872483e+00 7.619460589120978788e-01
4.366704056462960004e+00 7.268192130028372500e-01
4.334186071265094142e+00 7.564369343371477594e-01
4.302062085345785825e+00 7.856964192674409375e-01
4.270320299357728722e+00 8.146075365839798854e-01
4.238952533712693871e+00 8.431804566112881538e-01
4.207946736869428328e+00 8.714242498403023118e-01
4.177292150670528059e+00 8.993478429614283343e-01
4.146979772635100758e+00 9.269601769890613019e-01
4.117006528149535605e+00 9.542712485129734024e-01
4.089502503259005550e+00 9.818030610190648932e-01
4.299171266138944958e+00 1.067920089653155102e+00
5.481219297852184980e+00 1.407338428284923282e+00
5.490805888488814013e+00 1.455861317766443674e+00
5.500466146471033824e+00 1.504757782057706050e+00
5.510202399186539424e+00 1.554038327298518318e+00
5.520016743331684239e+00 1.603713646771398160e+00
2.043647918482168535e+00 6.111805239266743239e-01
2.008953805169746420e+00 6.180350871350281938e-01
1.975258086735544483e+00 6.246923010992525560e-01
1.942514301964783474e+00 6.311613517061144263e-01
1.910679247917255852e+00 6.374510152592322010e-01
1.879711500381338274e+00 6.435692850452471303e-01
1.849572429701900056e+00 6.495237973164635914e-01
1.820225739920504848e+00 6.553217798266136596e-01
1.791637124875530507e+00 6.609700200151528149e-01
1.763774151073991270e+00 6.664749012842747788e-01
1.736606140737685600e+00 6.718424337124714318e-01
1.710104276851208693e+00 6.770783669947935124e-01
1.685333897290522964e+00 6.826306920381439713e-01
2.114340143682412521e+00 8.757885976809749451e-01
2.118548667493871385e+00 8.970897073496609808e-01
2.122802212967585422e+00 9.186187882328257226e-01
2.127101822124021879e+00 9.403821222874017005e-01
2.131449258065607477e+00 9.623864892570088703e-01
2.135845687826675388e+00 9.846385993450829099e-01
2.140292334468500535e+00 1.007145377992102908e+00
2.144790685295794308e+00 1.029914074821805858e+00
2.149342266797343193e+00 1.052952172775859729e+00
2.153948637489557338e+00 1.076267393505377257e+00
2.158611380606102692e+00 1.099867702613144482e+00
2.163332096636153334e+00 1.123761314743515038e+00
2.168112185007727621e+00 1.147956586953787994e+00
2.172953889861696020e+00 1.172462581306374485e+00
2.177858602945883071e+00 1.197288183570092590e+00
2.182828537511746436e+00 1.222443006683647138e+00
2.187865252152572992e+00 1.247936600826792697e+00
2.192970893101541030e+00 1.273779151468392934e+00
2.198147555934485631e+00 1.299981143441650389e+00
2.203397480874559111e+00 1.326553487454895652e+00
2.208722835570993137e+00 1.353507406874301155e+00
2.214125705778692055e+00 1.380854440814585082e+00
2.904167848494872306e+00 1.843041382223248092e+00
2.883509069873612329e+00 1.861858647467837136e+00
2.862936891664961347e+00 1.880598461421819190e+00
2.842447216360223905e+00 1.899262940546843081e+00
1.178987725345802096e+00 8.012394121980356276e-01
1.179934934994915752e+00 8.155034030856086469e-01
1.183093932576736451e+00 8.314925297952244776e-01
1.186305191266849635e+00 8.477464000267196376e-01
1.189570471833995891e+00 8.642737321223685765e-01
1.192891593791508997e+00 8.810836003419967311e-01
1.196270328330691690e+00 8.981853704171506303e-01
1.199708768265722370e+00 9.155889919819856226e-01
1.203208836421278738e+00 9.333046510428854026e-01
1.206772653420189245e+00 9.513430640728380849e-01
1.210402519337967941e+00 9.697154914261865155e-01
1.214100617661860504e+00 9.884335245552691163e-01
1.217869372558104235e+00 1.007509391692190448e+00
1.221711426650326393e+00 1.026955973752776474e+00
1.225629346434440103e+00 1.046786587482451791e+00
1.229625968532681579e+00 1.067015302233401464e+00
1.233704015639056184e+00 1.087656642682471420e+00
1.237866703692680037e+00 1.108726149039036768e+00
1.242117176339024187e+00 1.130239923153141923e+00
1.246458749309849789e+00 1.152214877228372458e+00
1.250894969310399008e+00 1.174668831262967394e+00
1.255429496093295239e+00 1.197620449377935437e+00
1.260066244739871610e+00 1.221089420264628966e+00
1.264809264815650369e+00 1.245096394140552176e+00
1.269662960095191861e+00 1.269663252087113392e+00
1.274631710450528033e+00 1.294812791847173017e+00
1.279720421677828401e+00 1.320569338619459465e+00
1.284934059201609413e+00 1.346958347352707142e+00
1.290278017337173733e+00 1.374006853484622814e+00
1.295757901081973085e+00 1.401743329200527688e+00
1.301379636260268535e+00 1.430197883506098444e+00
1.307149570655434134e+00 1.459402468700095712e+00
1.313074408274982119e+00 1.489390914163286395e+00
1.319161142693197952e+00 1.520198958659841226e+00
1.325417299178988095e+00 1.551864643723087855e+00
1.331850928693485203e+00 1.584428446286159531e+00
1.338470368487387985e+00 1.617933137475418448e+00
1.345284838115437642e+00 1.652424649200876061e+00
1.352303877110242691e+00 1.687951575157655482e+00
1.359537693089541754e+00 1.724565771631026756e+00
1.366997336066129831e+00 1.762322788535197082e+00
1.374694419530908984e+00 1.801281742879466075e+00
1.382641564546342128e+00 1.841506135685630152e+00
1.390851956382468835e+00 1.883063542155815284e+00
1.399340318680662776e+00 1.926027213745795885e+00
1.501052299890327735e+00 2.631625614099269761e+00
1.476497523220964503e+00 2.636476833871364889e+00
1.452068374591927835e+00 2.641303378585337480e+00
1.427760797737728904e+00 2.646105842532590291e+00
1.403570879638999402e+00 2.650884932030123320e+00
1.379494843872987264e+00 2.655641470723753894e+00
1.355529043844755810e+00 2.660376404718565624e+00
1.331669742766436570e+00 2.665090380982328533e+00
1.307913228332790778e+00 2.669783957926637807e+00
1.284255917372752354e+00 2.674457821108456645e+00
1.260694348825722733e+00 2.679112788047639970e+00
1.237225076792907386e+00 2.683749596346390653e+00
1.213844671817528420e+00 2.688368904258820802e+00
1.190549722153960266e+00 2.692971291277920454e+00
1.167336835025566177e+00 2.697557258739768038e+00
1.144202916768956246e+00 2.702127889084854129e+00
1.121144600728256169e+00 2.706683535726521317e+00
1.098158721830938767e+00 2.711224917550647984e+00
1.075242037115331728e+00 2.715752461519310046e+00
1.052391493614346363e+00 2.720266966746841319e+00
1.029604043453260953e+00 2.724769165697694895e+00
1.006876479831795956e+00 2.729259277126708128e+00
9.842059402027290016e-01 2.733738345926022273e+00
4.265503683193617168e-01 1.214638146828561638e+00
4.126818376875768246e-01 1.205345557131898726e+00
3.990965797558329586e-01 1.196242721006992804e+00
3.857844516327180728e-01 1.187323018366712502e+00
3.727356040654599134e-01 1.178579604361071009e+00
3.599408006274213978e-01 1.170006441096538286e+00
3.473911760766489332e-01 1.161597630916156643e+00
3.350781929488806377e-01 1.153347311628645455e+00
3.229937651565129575e-01 1.145250123588335223e+00
3.111301710498969864e-01 1.137300992716264947e+00
2.994799159594202509e-01 1.129494679547871527e+00
2.880359720375094690e-01 1.121826707789417732e+00
2.767914858970749736e-01 1.114292337129124233e+00
2.657399525051432621e-01 1.106887261965294966e+00
2.548751139681867395e-01 1.099607272839308703e+00
2.441909785716513681e-01 1.092448378975803491e+00
2.336818091270010389e-01 1.085406815302120576e+00
2.233420144874366242e-01 1.078478582242627271e+00
2.131663420342820026e-01 1.071660383769971414e+00
2.031496686132475415e-01 1.064948700619575694e+00
1.932871138666561461e-01 1.058340379027206568e+00
1.835739209267500949e-01 1.051832050193025614e+00
1.740055603930764916e-01 1.045420720527445502e+00
1.645776946627242610e-01 1.039103660078853020e+00
1.552860767994902191e-01 1.032877818150223392e+00
1.461266618626467784e-01 1.026740532759987667e+00
1.370955578809694708e-01 1.020689299769883762e+00
1.281889729217664808e-01 1.014721421870940388e+00
1.194032909105761237e-01 1.008834602383321677e+00
1.107349887046208126e-01 1.003026357478203456e+00
