2.533481555577794531e+00 -1.216560354293601209e+00
2.487153102986596753e+00 -1.170365254700487911e+00
2.442810413410822612e+00 -1.126150870795870951e+00
2.400325612552185461e+00 -1.083788418985206503e+00
2.359578300408896379e+00 -1.043158504538278075e+00
2.320459550532630644e+00 -1.004152368019053387e+00
2.306019268674792677e+00 -9.764728675363126831e-01
2.305988654465596088e+00 -9.551716287547042938e-01
2.305958192795795281e+00 -9.340090799676810107e-01
2.305927773134617720e+00 -9.129812447430187827e-01
2.305897637663389510e+00 -8.920843698649079112e-01
2.305867720180492686e+00 -8.713146565159664014e-01
2.305838091235358878e+00 -8.506684354604961973e-01
2.305808513888846889e+00 -8.301419981280553362e-01
2.305779116510985549e+00 -8.097318437584927198e-01
2.305749723461986367e+00 -7.894344313883456810e-01
2.305720757729388115e+00 -7.692464917816862480e-01
2.305691663601471486e+00 -7.491644862980195718e-01
2.305662941858562132e+00 -7.291852907037283948e-01
2.305634341992368608e+00 -7.093055909279524229e-01
2.305605768365946329e+00 -6.895221842361956011e-01
7.088058818155430485e-01 -2.059270988110577238e-01
7.087972037531559133e-01 -1.999014397009739319e-01
7.288511371134942518e-01 -1.993910605444529915e-01
7.518820888563300109e-01 -1.993578743237258422e-01
7.763107778121776104e-01 -1.993226788921414749e-01
8.022716409693474438e-01 -1.992852584936526394e-01
8.299171682528760918e-01 -1.992454291558144186e-01
8.594204803752462096e-01 -1.992029144556548559e-01
8.909794293955477507e-01 -1.991574390904355119e-01
9.248208967573205985e-01 -1.991086680731594671e-01
9.612065112640800768e-01 -1.990562349862410596e-01
1.000439446374673969e+00 -1.989997117362230505e-01
1.042872827696778248e+00 -1.989385614731052632e-01
1.088920989517828009e+00 -1.988722115144377356e-01
1.139072716464051949e+00 -1.987999364563518279e-01
1.193909296173624623e+00 -1.987209129436229293e-01
1.254127173016447605e+00 -1.986341450189230973e-01
1.320567870499505858e+00 -1.985384070449193183e-01
1.394258043533624480e+00 -1.984322089441892811e-01
1.476463597203055755e+00 -1.983137520991259950e-01
1.568763005888029527e+00 -1.981807470390649084e-01
1.673150782262279535e+00 -1.980303289522818699e-01
1.792183749796355530e+00 -1.978588031377425394e-01
2.304952295687639374e+00 -2.361607395870895798e-01
2.304925877712412419e+00 -2.178794822813523158e-01
2.304899723786577148e+00 -1.996257876553702015e-01
5.474737111904084408e+00 -4.299896316201764351e-02
5.431613445281967323e+00 4.046867374540848619e-07
5.389164164302556514e+00 4.232767042259426987e-02
5.347367926913371150e+00 8.400357091226354211e-02
5.306204485395604742e+00 1.250480412913224371e-01
5.265655655231679333e+00 1.654802967583905993e-01
5.140411087731733275e+00 2.019676957028964104e-01
3.575071755348593783e+00 1.967483806991618955e-01
3.904261923550556457e+00 2.456356445271596356e-01
3.904217396181582256e+00 2.764337242745524281e-01
3.904172958599429144e+00 3.072653841683962717e-01
3.904128620454701881e+00 3.381344940437248092e-01
3.904083839876824058e+00 3.690448907366383757e-01
3.904039422420656713e+00 4.000005527562633945e-01
3.903994671378312908e+00 4.310053411187285133e-01
3.903949760960587323e+00 4.620632225950800365e-01
3.903905022162528216e+00 4.931782161576476198e-01
3.903859995825959217e+00 5.243542741540212493e-01
3.903815088095636376e+00 5.555954884538872873e-01
3.903769914393741658e+00 5.869058782472287294e-01
3.903724715815957591e+00 6.182895848409836193e-01
3.903679178376320280e+00 6.497507024877783310e-01
3.903633844606772207e+00 6.812935046250055970e-01
3.903588230208137944e+00 7.129221368553407823e-01
3.903542469276514826e+00 7.446408915337215939e-01
3.903496606999142138e+00 7.764540945655302728e-01
3.903450598816881278e+00 8.083661040808057807e-01
3.903404542681760514e+00 8.403813592743766270e-01
3.903358210893950631e+00 8.725042841775968450e-01
3.903311515772904361e+00 9.047393847990481408e-01
3.903265202232903075e+00 9.370914238266090379e-01
3.903218061363420865e+00 9.695647658555786030e-01
5.102730261385239885e+00 1.310158925557639575e+00
5.102668726115256348e+00 1.352948577421361653e+00
5.102606550172025024e+00 1.395915675269834733e+00
5.102544732262948912e+00 1.439066935519900836e+00
5.102481833279246537e+00 1.482408501444898219e+00
5.102419482730802258e+00 1.525947490537026496e+00
5.102356415112219601e+00 1.569690295263609592e+00
5.102293047106149615e+00 1.613643911083602500e+00
5.102229186262334792e+00 1.657815268931855712e+00
5.102164939458347703e+00 1.702211516780251621e+00
5.102100705165116601e+00 1.746840034965913002e+00
5.102036265524339420e+00 1.791708135357416243e+00
4.137379013784912907e+00 1.563385690911088366e+00
4.099733265978119157e+00 1.586067623725376796e+00
4.062543081445200599e+00 1.608475034338645804e+00
4.025795851135985259e+00 1.630615637817148356e+00
3.989481565268323315e+00 1.652497814015519317e+00
3.953586191976366404e+00 1.674127922743128938e+00
3.918097439492574274e+00 1.695512610670038667e+00
3.883005171475099715e+00 1.716659073874747365e+00
3.848310068753930224e+00 1.737579068620030531e+00
3.821356480015202894e+00 1.761669915352876314e+00
4.032363780523797736e+00 1.897486842583968158e+00
5.101088323845832662e+00 2.449508335548113092e+00
5.101017189166921817e+00 2.498963155227780675e+00
5.100945077592030863e+00 2.548798410287383742e+00
5.100872653508290888e+00 2.599025066365165504e+00
5.100799888677874705e+00 2.649654021246786062e+00
1.877911471964634593e+00 9.943031817563454666e-01
1.842672507639575574e+00 9.942523745623041975e-01
1.808448168432908343e+00 9.942030303229474342e-01
1.775191317755455245e+00 9.941551407374371596e-01
1.742857263590072536e+00 9.941084658257584028e-01
1.711404666578790090e+00 9.940631637525528808e-01
1.680793957860627685e+00 9.940190072001691135e-01
1.650988350383425507e+00 9.939760633107593835e-01
1.621952786720542772e+00 9.939341754752758495e-01
1.593654532422045911e+00 9.938934056344990164e-01
1.566062340840085110e+00 9.938536103571157243e-01
1.539146942092584069e+00 9.938148188257170945e-01
1.519739261713820344e+00 9.982823322658854748e-01
1.902778485544032172e+00 1.271396225359366472e+00
1.902747164657450307e+00 1.293105930618960286e+00
1.902715570344853946e+00 1.315047954510211392e+00
1.902683499719655780e+00 1.337228662085893749e+00
1.902651166023802576e+00 1.359654908684030161e+00
1.902618408709089382e+00 1.382333499220548489e+00
1.902585463809146171e+00 1.405271744000818890e+00
1.902551991757858607e+00 1.428476762304627279e+00
1.902518033925893359e+00 1.451956187190207137e+00
1.902483804978069681e+00 1.475718038275867228e+00
1.902449117210138763e+00 1.499770290020958852e+00
1.902414128047893893e+00 1.524121456790341833e+00
1.902378580399429753e+00 1.548780008763953830e+00
1.902342540698693352e+00 1.573754968436136492e+00
1.902306013366729776e+00 1.599055621251826098e+00
1.902269113238533427e+00 1.624691673149936566e+00
1.902231690338925585e+00 1.650672947650093425e+00
1.902193684549169150e+00 1.677009696362904423e+00
1.902155110226976031e+00 1.703712608106845439e+00
1.902116040571158573e+00 1.730792817679162710e+00
1.902076591737090761e+00 1.758261914275765614e+00
1.902036385310288180e+00 1.786131459928880449e+00
2.486317714664517009e+00 2.371829679005375002e+00
2.462405763957767224e+00 2.386237738943795872e+00
2.438593638133095709e+00 2.400586578606502819e+00
2.414877249028426487e+00 2.414877804392070892e+00
9.981475379656743474e-01 1.013951080702286678e+00
9.981244215495645999e-01 1.029984741118299629e+00
9.981009362972846910e-01 1.046279673278736055e+00
9.980770262466861498e-01 1.062844329626469353e+00
9.980527200170268287e-01 1.079687603144164676e+00
9.980280344313695595e-01 1.096818747391271609e+00
9.980028820794960565e-01 1.114247292409170420e+00
9.979772982689980587e-01 1.131983314285868403e+00
9.979513427011861282e-01 1.150037355459284649e+00
9.979247728594753397e-01 1.168420068951340651e+00
9.978978082200513633e-01 1.187143125230599283e+00
9.978703316687848046e-01 1.206218317955782382e+00
9.978422626735478085e-01 1.225658019877764016e+00
9.978136850977494809e-01 1.245475377230842895e+00
9.977845969622971545e-01 1.265684042544972465e+00
9.977548192366376689e-01 1.286298084802178554e+00
9.977245598213012601e-01 1.307332748642290765e+00
9.976935816747813934e-01 1.328803429102107581e+00
9.976619780351825284e-01 1.350726717974646274e+00
9.976297067416995956e-01 1.373119847098637880e+00
9.975967057980523744e-01 1.396000886814196207e+00
9.975629995903528835e-01 1.419388950395057192e+00
9.975285244797257311e-01 1.443304011935181874e+00
9.974932312753719277e-01 1.467767111374857825e+00
9.974571118921982116e-01 1.492800465968993295e+00
9.974201554978984197e-01 1.518427484315447940e+00
9.973823689010141713e-01 1.544672879523881992e+00
9.973436001763007486e-01 1.571562482443046083e+00
9.973038129354148129e-01 1.599123755841016736e+00
9.972630872510124256e-01 1.627385915846466968e+00
9.972213077671857606e-01 1.656379544247685631e+00
9.971784166367212432e-01 1.686137111232240970e+00
9.971343424931542465e-01 1.716692995766400998e+00
9.970891059971456194e-01 1.748083814983093509e+00
9.970425606364601290e-01 1.780348136153574012e+00
9.969947218395225352e-01 1.813527223169865810e+00
9.969455515673627533e-01 1.847664855954297636e+00
9.968948077364778726e-01 1.882807247559446617e+00
9.968426122849692872e-01 1.919004331713401346e+00
9.967888762756456078e-01 1.956308954773946507e+00
9.967334033439612107e-01 1.994777323796022905e+00
9.966761820542582306e-01 2.034469890244870793e+00
9.966171209172827172e-01 2.075451175759846834e+00
9.965560968879614290e-01 2.117790236520258329e+00
9.964929824484306531e-01 2.161561133516880950e+00
9.574845372111338015e-01 2.869941678819480479e+00
9.324884167979824445e-01 2.869905609048863493e+00
9.076202286176716649e-01 2.869869897822958649e+00
8.828758113511752104e-01 2.869834106521438777e+00
8.582513344578254211e-01 2.869798617501076787e+00
8.337428646186684222e-01 2.869763272372091389e+00
8.093465791651959229e-01 2.869728056099124291e+00
7.850587584001358366e-01 2.869693100660057450e+00
7.608756556318122533e-01 2.869658227599077183e+00
7.367936853375878226e-01 2.869623639351061239e+00
7.128091763497498290e-01 2.869588999342275404e+00
6.889186694932487587e-01 2.869554587496200071e+00
6.651186222856620978e-01 2.869520146472456013e+00
6.414056883371128670e-01 2.869486041574364599e+00
6.177763899797346081e-01 2.869451869282308110e+00
5.942274852241862249e-01 2.869418086269799328e+00
5.707555600689797615e-01 2.869384147165219723e+00
5.473574236454759046e-01 2.869350371402556998e+00
5.240298583174883840e-01 2.869316778437231097e+00
5.007696708522063611e-01 2.869283321442688273e+00
4.775736933998781519e-01 2.869249887941622390e+00
4.544388217592981727e-01 2.869216535932924472e+00
4.313619716359598510e-01 2.869183260207082586e+00
1.807260538547117434e-01 1.269848790447391407e+00
1.689795175171939501e-01 1.258068372717269456e+00
1.574729997110890789e-01 1.246528640732918802e+00
1.461978517322318205e-01 1.235220993465248496e+00
1.351457998171819164e-01 1.224137022135713737e+00
1.243089700552464788e-01 1.213268874411808307e+00
1.136798515093913331e-01 1.202609145235856714e+00
1.032512339027895354e-01 1.192150410223862034e+00
9.301626108026443684e-02 1.181885945109576896e+00
8.296834972037160638e-02 1.171809020677580637e+00
7.310121637978012066e-02 1.161913384442518238e+00
6.340884270820959512e-02 1.152193029388393741e+00
5.388546299771488496e-02 1.142642199758853616e+00
4.452554695488296355e-02 1.133255277419112472e+00
3.532379548484828463e-02 1.124026906007951299e+00
2.627513077802006922e-02 1.114952115040703129e+00
1.737467320997359427e-02 1.106025967029355739e+00
8.617739697726549408e-03 1.097243800005935022e+00
-1.692449041293248848e-07 1.088600993156420005e+00
-8.483375962260529535e-03 1.080093328208913572e+00
-1.683603591590663792e-02 1.071716516162985799e+00
-2.506214799889815853e-02 1.063466677439913077e+00
-3.316555741132305030e-02 1.055339868222100908e+00
-4.114996888201492148e-02 1.047332440976967316e+00
-4.901894870036539037e-02 1.039440808877461153e+00
-5.677592866405128252e-02 1.031661448532166903e+00
-6.442421755342339629e-02 1.023991021587256078e+00
-7.196701825046271372e-02 1.016426495850941469e+00
-7.940739437102023457e-02 1.008964552735060360e+00
-8.674833235555297339e-02 1.001602421862975101e+00
