2.639147640679870843e+00 -1.241888445454953693e+00
2.591998388916864293e+00 -1.194927460090746685e+00
2.546826442038322647e+00 -1.149936070594848259e+00
2.503504663796342733e+00 -1.106787675042542940e+00
2.461917652741840712e+00 -1.065366746126292785e+00
2.421957916406175748e+00 -1.025566535289403669e+00
2.386151533890711995e+00 -9.883761755151042605e-01
2.384627898849724925e+00 -9.658735864458629639e-01
2.384584400873597687e+00 -9.441236017314177387e-01
2.384541160914444902e+00 -9.225092494161376555e-01
2.384498204397588861e+00 -9.010266355456831855e-01
2.384455467918795257e+00 -8.796719119307272461e-01
2.384413024753167409e+00 -8.584413583384715718e-01
2.384370864246192934e+00 -8.373312960833653174e-01
2.384328892899268748e+00 -8.163380893666927207e-01
2.384286935473436841e+00 -7.954581465970865795e-01
2.384245416359695113e+00 -7.746881427178782253e-01
2.384204232687036296e+00 -7.540246342804792778e-01
2.384162977361050206e+00 -7.334641485537100047e-01
2.384122079490178958e+00 -7.130035352491743694e-01
2.384081442453322541e+00 -6.926395327253457301e-01
2.384040898321608370e+00 -6.723689164643812388e-01
2.384000438764484642e+00 -6.521885630942937384e-01
2.383960448892691097e+00 -6.320955035462950677e-01
7.869959999637121673e-01 -2.020661769404409058e-01
8.008882372705335984e-01 -1.989416193200354843e-01
8.284224375047886113e-01 -1.988865761512404462e-01
8.578022596575515246e-01 -1.988278311401437126e-01
8.892238255928681667e-01 -1.987650152635057621e-01
9.229118132002283037e-01 -1.986976532641020476e-01
9.591254050186729385e-01 -1.986252587402808634e-01
9.981645588790127865e-01 -1.985472086312031481e-01
1.040378762362952791e+00 -1.984627932331493316e-01
1.086177819213246298e+00 -1.983712198444410879e-01
1.136045028325840534e+00 -1.982715204906402295e-01
1.190554644942110274e+00 -1.981625461083277306e-01
1.250394174744512199e+00 -1.980428964310151085e-01
1.316394289143310248e+00 -1.979109374444223690e-01
1.389567455938076845e+00 -1.977646397935951816e-01
1.471160865299822929e+00 -1.976015065265984971e-01
1.562728670188293201e+00 -1.974184335778411958e-01
1.666232480549467487e+00 -1.972114944643782453e-01
1.784184413246870049e+00 -1.969756687182071253e-01
1.919854635800851694e+00 -1.967044140300396038e-01
2.383146833986709012e+00 -2.252735341341219333e-01
2.383109118884088939e+00 -2.063994498400061051e-01
5.556612295085426645e+00 -4.364201650202972210e-02
5.512794971466049354e+00 4.107352324922427147e-07
5.469663237794081034e+00 4.295992769815536877e-02
5.427195876500046978e+00 8.525761456804686889e-02
5.385372758644161095e+00 1.269137510523005163e-01
5.344173906364682480e+00 1.679478381908672824e-01
5.214666005570620655e+00 2.048851850621269399e-01
3.610802885460972167e+00 1.987147865425254456e-01
3.982200876280452828e+00 2.505391538875587076e-01
3.982138026615672732e+00 2.819508069272200768e-01
3.982075188770390461e+00 3.133964288057327630e-01
3.982012124252789054e+00 3.448799426985520444e-01
3.981949229069413398e+00 3.764053433358457990e-01
3.981886107755042037e+00 4.079765780456519608e-01
3.981822760658282778e+00 4.395976484839660969e-01
3.981759581685872185e+00 4.712726281241675919e-01
3.981695936391131951e+00 5.030055004011776409e-01
3.981632529095926465e+00 5.348004377652920693e-01
3.981568562627948005e+00 5.666614530774423120e-01
3.981504574736046909e+00 5.985927681251984600e-01
3.981440545597736413e+00 6.305985696258662454e-01
3.981376840639270220e+00 6.626831460442715871e-01
3.981312327834219289e+00 6.948505768758005408e-01
3.981247670245986026e+00 7.271052757198156469e-01
3.981182970329771642e+00 7.594516159919435516e-01
3.981118240050451007e+00 7.918940041843797184e-01
3.981052933121275839e+00 8.244367818212218202e-01
3.980987812682843963e+00 8.570846072179441055e-01
3.980922146634855441e+00 8.898418849242411000e-01
3.980856505884663665e+00 9.227133554556201656e-01
3.980790432663575462e+00 9.557035920505886351e-01
3.980724299191931603e+00 9.888174225483736812e-01
5.180046413615181145e+00 1.330010346609696636e+00
5.179959324951730615e+00 1.373441815637800545e+00
5.179872254292990696e+00 1.417053187339931686e+00
5.179784769994991045e+00 1.460850886515112412e+00
5.179696760544350909e+00 1.504841519014835649e+00
5.179608427945068705e+00 1.549031887585438305e+00
5.179519369195427103e+00 1.593428727141779078e+00
5.179430398610082698e+00 1.638039259689075600e+00
5.179340354665526114e+00 1.682870214077828885e+00
5.179250644383170510e+00 1.727929261357142421e+00
5.179159792641678806e+00 1.773223265490101896e+00
4.187219800716260210e+00 1.582218960198867208e+00
4.149091063370033083e+00 1.605162720733604775e+00
4.111424851883835885e+00 1.627828701686549140e+00
4.074208994923325555e+00 1.650224985199542527e+00
4.037430827949899381e+00 1.672359054246524535e+00
4.001076769548854273e+00 1.694237589794944654e+00
3.965135845565073591e+00 1.715867951983875317e+00
3.929600525276096157e+00 1.737258669644149434e+00
3.896213723139748009e+00 1.759208403492767747e+00
4.074091240999055508e+00 1.878182265696956899e+00
5.177833601937476438e+00 2.436504161707672367e+00
5.177733961808840490e+00 2.486313055865569943e+00
5.177633897062837498e+00 2.536497302439312040e+00
5.177532507681315899e+00 2.587066989362482250e+00
1.953587252794681817e+00 9.954026662188237840e-01
1.916086894751026337e+00 9.953276851743486642e-01
1.879709005999524063e+00 9.952549272655926149e-01
1.844399564290057469e+00 9.951842439903366699e-01
1.810108308588519455e+00 9.951157003138709767e-01
1.776787449434102939e+00 9.950490176383380847e-01
1.744392687268522035e+00 9.949842562357154030e-01
1.712881932840912835e+00 9.949212284773418791e-01
1.682215803004478705e+00 9.948598842700046019e-01
1.652357181087778626e+00 9.948001666150231292e-01
1.623270989883047521e+00 9.947419715986649535e-01
1.597269745058145007e+00 9.961480573961480900e-01
1.980181988613579636e+00 1.256661990538662677e+00
1.980138323583758853e+00 1.278559412025182862e+00
1.980094024986440937e+00 1.300678959323639861e+00
1.980049197092518032e+00 1.323026875873837049e+00
1.980004176493162404e+00 1.345609753534730224e+00
1.979958538796662282e+00 1.368433867384428737e+00
1.979912282808118595e+00 1.391505972158285198e+00
1.979865618462477883e+00 1.414833183690159757e+00
1.979818567944529706e+00 1.438422710681881878e+00
1.979770771555563469e+00 1.462281709698175058e+00
1.979722444298273043e+00 1.486417990017758761e+00
1.979673593017727828e+00 1.510839461567553776e+00
1.979624202233360553e+00 1.535554277307983995e+00
1.979574225871626014e+00 1.560570836820739604e+00
1.979523578881791313e+00 1.585897789716262940e+00
1.979472313630594948e+00 1.611544189384795267e+00
1.979420237944886196e+00 1.637519199326047836e+00
1.979367642300446928e+00 1.663832702364656857e+00
1.979314366370855893e+00 1.690494550539197505e+00
1.979260342208803314e+00 1.717515021873401881e+00
1.979205578956189759e+00 1.744904829600327112e+00
1.979149969699755429e+00 1.772674971973973168e+00
2.590232160237776249e+00 2.356930451895534073e+00
2.565689109697950165e+00 2.371699155045142948e+00
1.078220067861890508e+00 1.012516268778214545e+00
1.075640201854160205e+00 1.026109953543596909e+00
1.075607732289062701e+00 1.042336645184988031e+00
1.075574741435284754e+00 1.058811213234527759e+00
1.075541341671426787e+00 1.075541589020048372e+00
1.075507339063690448e+00 1.092535709670178434e+00
1.075472815105986246e+00 1.109802109968412553e+00
1.075437692840998993e+00 1.127349506425244563e+00
1.075401975821311806e+00 1.145187056723496966e+00
1.075365731974622596e+00 1.163324367914394974e+00
1.075328836550920375e+00 1.181771239734247469e+00
1.075291284096097311e+00 1.200538017844940963e+00
1.075253089460204592e+00 1.219635514770198936e+00
1.075214192748471298e+00 1.239074926673047639e+00
1.075174600585269369e+00 1.258868018027920810e+00
1.075134288561920393e+00 1.279027039494732731e+00
1.075093259709408944e+00 1.299564825425351788e+00
1.075051372655023707e+00 1.320494617200140386e+00
1.075008700015787966e+00 1.341830530263210974e+00
1.074965200486478700e+00 1.363587195762558046e+00
1.074920773513405647e+00 1.385779858565075351e+00
1.074875526330336228e+00 1.408424762579214562e+00
1.074829307110091170e+00 1.431538595838030004e+00
1.074782043753760075e+00 1.455138969369847546e+00
1.074733849754115678e+00 1.479244623003383996e+00
1.074684566087920512e+00 1.503874861038254629e+00
1.074634221214353369e+00 1.529050235357989118e+00
1.074582780941208293e+00 1.554792269923137127e+00
1.074530112684781713e+00 1.581123470446132329e+00
1.074476214327493739e+00 1.608067729727145734e+00
1.074421031347448485e+00 1.635650146763003354e+00
1.074364541487238034e+00 1.663897239116074012e+00
1.074306637943445386e+00 1.692836858363552466e+00
1.074247269153096207e+00 1.722498505940539104e+00
1.074186439262359238e+00 1.752913453427387136e+00
1.074124141745276928e+00 1.784114762201657101e+00
1.074059989016837413e+00 1.816136788518905920e+00
1.073994242830951684e+00 1.849017043732993137e+00
1.073926748630927630e+00 1.882794583220043450e+00
1.073857228382719464e+00 1.917510636482557373e+00
1.073785888200879279e+00 1.953209879100417989e+00
1.073712381163278717e+00 1.989938797519522851e+00
1.073636744765364748e+00 2.027747590420510004e+00
1.073558929647195903e+00 2.066689576622581903e+00
1.073478681802565449e+00 2.106821221576869352e+00
1.073395850211597891e+00 2.148203014241662157e+00
1.073310443614902132e+00 2.190899932934295080e+00
1.033453827598467711e+00 2.870529674580110768e+00
1.008039995679083534e+00 2.870478900545673007e+00
9.827667996457135624e-01 2.870428226954063966e+00
9.576300878950083639e-01 2.870377949023121378e+00
9.326256739957790032e-01 2.870328043467074153e+00
9.077493470451553081e-01 2.870278166696443201e+00
8.829972325956528811e-01 2.870228792641703830e+00
8.583652118031530609e-01 2.870179397623477957e+00
8.338495572945121559e-01 2.870130511164243448e+00
8.094463071590828340e-01 2.870081665083708877e+00
7.851517426391968479e-01 2.870032993981987968e+00
7.609621790592625556e-01 2.869984552490174146e+00
7.368740263453130712e-01 2.869936547101990421e+00
7.128835512518153505e-01 2.869888413838995511e+00
6.889873510687904989e-01 2.869840667027645065e+00
6.651818786266544548e-01 2.869793053197343458e+00
6.414637307919319742e-01 2.869745708766207049e+00
6.178294807839284086e-01 2.869698465801382881e+00
5.942757851009404790e-01 2.869651317723020956e+00
2.512519386443229918e-01 1.263129753135332489e+00
2.385153235947785610e-01 1.250342103307537034e+00
2.260709773278106738e-01 1.237847878453116168e+00
2.139074878414722880e-01 1.225635702239607383e+00
2.020139811634616700e-01 1.213694558193709749e+00
1.903801390880904276e-01 1.202014038039395549e+00
1.789961878539545748e-01 1.190584473368619722e+00
1.678527970237166655e-01 1.179396477306645208e+00
1.569410797107652633e-01 1.168441073008292808e+00
1.462525721107703902e-01 1.157709704212193769e+00
1.357792268547464154e-01 1.147194363667158212e+00
1.255133613564865802e-01 1.136887366214982764e+00
1.154476414498318282e-01 1.126781357234998948e+00
1.055750536586357452e-01 1.116869201998849981e+00
9.588891377873760835e-02 1.107144230400854967e+00
8.638283608003340108e-02 1.097600125784433223e+00
7.705069113639514966e-02 1.088230575000829869e+00
6.788663274941206249e-02 1.079029749744267130e+00
5.888506959877685965e-02 1.069992193974814709e+00
5.004061992925031011e-02 1.061112234215748851e+00
4.134815504429732724e-02 1.052384936741464827e+00
3.280274165344272685e-02 1.043805279223542604e+00
2.439965151614931216e-02 1.035368512302290878e+00
1.613434855400065759e-02 1.027070163920187129e+00
8.002473083952575325e-03 1.018905685721485543e+00
-1.571602040677914461e-07 1.010870933532702631e+00
-7.877563853570197783e-03 1.002962051738851113e+00
