-6.720005273818944191e-01 5.874815426769458584e-08
-6.745647158759253692e-01 -5.298069125386216036e-03
-6.771487775271178844e-01 -1.063744437382757591e-02
-6.797534606224875375e-01 -1.601921951169518049e-02
-6.823791347017881259e-01 -2.144456962123112570e-02
-6.850265646020343713e-01 -2.691470843564333984e-02
-6.876961947977339173e-01 -3.243087071012200340e-02
-6.903887444001796103e-01 -3.799433296117057934e-02
-6.931048489901697751e-01 -4.360640236666684516e-02
-6.958451194944710316e-01 -4.926841829210854701e-02
-6.986102009123476009e-01 -5.498175660979458951e-02
-7.014008308152790416e-01 -6.074783680594392915e-02
-7.042176601826297677e-01 -6.656810943199316377e-02
-7.070614900179904572e-01 -7.244407767408711507e-02
-7.099329736343541475e-01 -7.837727122138188340e-02
-7.128329122910045390e-01 -8.436927620865353195e-02
-7.157621352976702989e-01 -9.042172680495665082e-02
-7.187214397603777227e-01 -9.653629913302989862e-02
-7.217115896736383540e-01 -1.027147107830923556e-01
-7.247335507879816285e-01 -1.089587557580701666e-01
-7.277881350620082346e-01 -1.152702572655949775e-01
-7.308762943585273009e-01 -1.216511114752577560e-01
-7.339989421599569797e-01 -1.281032631391961218e-01
-7.371570697835058139e-01 -1.346287264165003383e-01
-7.403517444756176902e-01 -1.412295888649716114e-01
-7.435838735688585777e-01 -1.479079688819284200e-01
-7.468546128029560638e-01 -1.546660950523711664e-01
-7.501650714663531394e-01 -1.615062541964855380e-01
-7.535163693021807996e-01 -1.684308036375494477e-01
-7.569096347355663834e-01 -1.754421727291014255e-01
-7.603462348886383948e-01 -1.825429200068153790e-01
-7.638272508799799354e-01 -1.897356144214453755e-01
-7.673541714313328876e-01 -1.970230032588619618e-01
-7.709282530711263348e-01 -2.044078613556020996e-01
-7.745508653250020581e-01 -2.118930777231424201e-01
-7.782235447346019797e-01 -2.194816775322017133e-01
-7.819477045296828743e-01 -2.271767469533591266e-01
-7.857250333408191123e-01 -2.349815493779269793e-01
-7.895570337271441419e-01 -2.428993975494394275e-01
-7.934454763795142362e-01 -2.509337916889636255e-01
-7.973919972751326579e-01 -2.590883027386765014e-01
-8.013985487982135947e-01 -2.673667197516144678e-01
-8.043581236120443956e-01 -2.753932765210104772e-01
-7.958839839014058004e-01 -2.794944990437013277e-01
-7.875411254644323344e-01 -2.835321897142166758e-01
-7.793255147857425236e-01 -2.875083001387647164e-01
-7.712332782884795401e-01 -2.914247104608597150e-01
-7.632606468823392998e-01 -2.952832146401050961e-01
-7.554040676314526248e-01 -2.990855689227903680e-01
-7.476600369999539808e-01 -3.028334336438728291e-01
-7.400252674856009349e-01 -3.065284440452097359e-01
-7.324964667343186742e-01 -3.101721261905917570e-01
-7.250706131885479300e-01 -3.137660155483765756e-01
-7.177446809530224625e-01 -3.173115474667869695e-01
-7.105158047217432493e-01 -3.208101309738572438e-01
-7.033811164241001723e-01 -3.242630805495863577e-01
-6.963380167274868526e-01 -3.276717432480427128e-01
-6.893838494644562997e-01 -3.310373547185554988e-01
-6.825161184258570213e-01 -3.343611421969666098e-01
-6.757323259825586126e-01 -3.376442511230041132e-01
-6.690302402141474758e-01 -3.408878806665412431e-01
-6.624074679855349590e-01 -3.440930745758692400e-01
-6.558618810340010041e-01 -3.472609382762883445e-01
-6.493913496788500384e-01 -3.503925079377072649e-01
-6.429937441594333336e-01 -3.534887506750624686e-01
-6.366670919826258324e-01 -3.565506521416791363e-01
-6.304094722465030110e-01 -3.595791638208039043e-01
-6.242189641581116222e-01 -3.625751753243621756e-01
-6.180937508315444973e-01 -3.655395752833608403e-01
-6.120321180738425015e-01 -3.684732555941757082e-01
-6.060322497859553792e-01 -3.713769910528318952e-01
-6.000925349242884899e-01 -3.742516248076095953e-01
-5.942113623184909210e-01 -3.770979487731138668e-01
-5.883871216489368061e-01 -3.799167038088100412e-01
-5.826183040559447246e-01 -3.827086453611497907e-01
-5.769034014041173331e-01 -3.854744813454238361e-01
-5.712409564831217867e-01 -3.882149058309328771e-01
-5.656296116163566090e-01 -3.909306350568386712e-01
-5.600679605517059345e-01 -3.936223086428022322e-01
-5.545546960991049046e-01 -3.962905918039558162e-01
-5.490884635560705496e-01 -3.989360742382269676e-01
-5.436680066865184902e-01 -4.015593746380517470e-01
-5.382921657125414594e-01 -4.041611446412021191e-01
-5.329596383018341266e-01 -4.067418919219460416e-01
-5.276693612875594797e-01 -4.093022670130013752e-01
-5.224200829287629633e-01 -4.118427406249267619e-01
-5.172107414716241580e-01 -4.143638945607640012e-01
-5.120402750841603901e-01 -4.168662786801724529e-01
-5.069075305954269250e-01 -4.193503350369707783e-01
-5.018115408403577282e-01 -4.218166245348828336e-01
-4.967512926303350729e-01 -4.242656407096328519e-01
-4.917257738245960352e-01 -4.266978471235688963e-01
-4.867340185915156048e-01 -4.291137169184765510e-01
-4.817750620027864139e-01 -4.315136949418600376e-01
-4.768479846364312436e-01 -4.338982379890861107e-01
-4.719519115093931960e-01 -4.362678166636057009e-01
-4.670858806168806665e-01 -4.386227948008551425e-01
-4.622491053742399103e-01 -4.409636730213347122e-01
-4.574406690081527782e-01 -4.432908052797125964e-01
-4.526597422430190254e-01 -4.456046029766435046e-01
-4.479055383308519489e-01 -4.479054962809144724e-01
-4.431772281794798540e-01 -4.501938509257537024e-01
-4.384740668566583510e-01 -4.524700950651370790e-01
-4.337951849189066178e-01 -4.547345069907002824e-01
-4.291398794877643308e-01 -4.569875145200034128e-01
-4.245074055360054111e-01 -4.592294826851727740e-01
-4.198970581739124297e-01 -4.614608003715900963e-01
-4.153080121982877237e-01 -4.636817043716657261e-01
-4.107396824255030165e-01 -4.658926771710151238e-01
-4.061912838067736065e-01 -4.680939611402487599e-01
-4.016621502310253056e-01 -4.702859134755376647e-01
-3.971516144801127135e-01 -4.724688739886434563e-01
-3.926590085267265273e-01 -4.746431651575640509e-01
-3.881836638309145715e-01 -4.768090921814282512e-01
-3.837249489025300608e-01 -4.789669895568929303e-01
-3.792821939606058623e-01 -4.811171289806928097e-01
-3.748548026427951929e-01 -4.832598592371267765e-01
-3.704421401025573823e-01 -4.853954669770758623e-01
-3.660435709076509947e-01 -4.875242229873419930e-01
-3.616585301305764166e-01 -4.896464781296394064e-01
-3.572863446628707362e-01 -4.917624250548912057e-01
-3.529265163714451203e-01 -4.938724820547755745e-01
-3.485784043766719242e-01 -4.959768610296948488e-01
-3.442414023540799062e-01 -4.980758072455460650e-01
-3.399149703663547628e-01 -5.001696500223583586e-01
-3.355985649898403089e-01 -5.022587062722410067e-01
-3.312915413374434292e-01 -5.043431310283009728e-01
-3.269934177947359522e-01 -5.064233141858457410e-01
-3.227035789786363851e-01 -5.084994339601311975e-01
-3.184215361495616459e-01 -5.105718564310327556e-01
-3.141466703346629252e-01 -5.126407339517551343e-01
-3.098784864314124698e-01 -5.147064087367255736e-01
-3.056164233522351559e-01 -5.167691098955715656e-01
-3.013599480312135759e-01 -5.188291056270907253e-01
-2.971085535889109730e-01 -5.208867043908066430e-01
-2.928616409730688264e-01 -5.229420480139309602e-01
-2.886187262588897351e-01 -5.249954738526905196e-01
-2.843792911191598272e-01 -5.270472570346200758e-01
-2.801427850282509624e-01 -5.290976092719285040e-01
-2.759086824453560460e-01 -5.311467835132476223e-01
-2.716764538485221259e-01 -5.331950218919115914e-01
-2.674456191772271452e-01 -5.352426623190762456e-01
-2.632155864610090656e-01 -5.372898193571216119e-01
-2.589858925814866319e-01 -5.393368636049680198e-01
-2.547560152456580518e-01 -5.413840492265341586e-01
-2.505253773426185937e-01 -5.434315118374916098e-01
-2.462934985173631242e-01 -5.454795924366769855e-01
-2.420598662956833513e-01 -5.475285686514307359e-01
-2.378239383458470857e-01 -5.495786536675174583e-01
-2.335851680055281987e-01 -5.516300500976637489e-01
-2.293430728602170732e-01 -5.536831151225476422e-01
-2.250970941361931654e-01 -5.557380316230381423e-01
-2.208467130382243959e-01 -5.577950825044738492e-01
-2.165914035305111229e-01 -5.598545411672671834e-01
-2.123306113943725926e-01 -5.619166156270057888e-01
-2.080638184397760049e-01 -5.639816153357382067e-01
-2.037904776786055305e-01 -5.660497844567435877e-01
-1.995100551475105510e-01 -5.681214134025716067e-01
-1.952219699088202087e-01 -5.701966703115266544e-01
-1.909257117895063749e-01 -5.722759386441843565e-01
-1.866207037048636941e-01 -5.743594232206045147e-01
-1.823063983148772160e-01 -5.764474320107886296e-01
-1.779822211175881574e-01 -5.785402065085206713e-01
-1.736476069661769817e-01 -5.806380350833418857e-01
-1.693019813287177655e-01 -5.827411962612265572e-01
-1.649447604141285328e-01 -5.848499585475908091e-01
-1.605753513008049416e-01 -5.869645802516949562e-01
-1.561931826200003703e-01 -5.890854245401838662e-01
-1.517976408678433919e-01 -5.912127295181569542e-01
-1.473881325392178976e-01 -5.933468382271281927e-01
-1.429640240621760650e-01 -5.954879677548607919e-01
-1.385247003146248546e-01 -5.976364401817134686e-01
-1.340695472029856672e-01 -5.997926252838463590e-01
-1.295978993276210578e-01 -6.019567077199943217e-01
-1.251091436778471455e-01 -6.041291522389600210e-01
-1.206026036625844344e-01 -6.063101797116673408e-01
-1.160776154343101663e-01 -6.085001162934561281e-01
-1.115335127328418163e-01 -6.106993354536215390e-01
-1.069696042296454652e-01 -6.129081406873356785e-01
-1.023851955497327992e-01 -6.151268824138051983e-01
-9.777956846552553205e-02 -6.173558403477010792e-01
-9.315201880748882890e-02 -6.195954586142081721e-01
-8.850179928718494848e-02 -6.218459924469273981e-01
-8.382817421077912168e-02 -6.241078613045475398e-01
-7.913039027492679844e-02 -6.263814721191987012e-01
-7.440766972157646097e-02 -6.286671597423271196e-01
-6.965921937049865398e-02 -6.309652455625640588e-01
-6.488424294577282980e-02 -6.332761557717762058e-01
-6.008193098901562501e-02 -6.356003621634029876e-01
-5.525143813550976307e-02 -6.379381444226968068e-01
-5.039192303064223000e-02 -6.402900050685351729e-01
-4.550251814291612906e-02 -6.426563725583144260e-01
-4.058232854957821018e-02 -6.450375411863645825e-01
-3.563046301456450349e-02 -6.474341465055741818e-01
-3.064598648289294791e-02 -6.498464512386342706e-01
-2.562796006070795427e-02 -6.522749992556570175e-01
-2.057542018422416422e-02 -6.547203177729133960e-01
-1.548737463274193343e-02 -6.571827380688497477e-01
-1.036281727332392065e-02 -6.596628716075668697e-01
-5.200713325667893731e-03 -6.621611925531645237e-01
-4.292815243598856837e-09 -6.646781563758850098e-01
5.240393184382358648e-03 -6.672143781523345307e-01
1.052158846429447452e-02 -6.697702743939712988e-01
1.584472084100504649e-02 -6.723465392777218108e-01
2.121095410881826057e-02 -6.749436076488466441e-01
2.662148796780317017e-02 -6.775621907014077738e-01
3.207754414286483752e-02 -6.802027390986825628e-01
3.758038291482863891e-02 -6.828659188598715790e-01
4.313130091490049306e-02 -6.855524317909619247e-01
4.873161627884775582e-02 -6.882627768058158235e-01
5.438269870030583431e-02 -6.909977250849566044e-01
6.008594987621664052e-02 -6.937579622001068813e-01
6.584280079003274055e-02 -6.965440875293767986e-01
7.165473936302799163e-02 -6.993569102035017693e-01
7.752328011661532847e-02 -7.021970919341885553e-01
8.344999411870339390e-02 -7.050654426499253224e-01
8.943648563517264671e-02 -7.079626823297259230e-01
9.548442901880502265e-02 -7.108897357976661224e-01
1.015955187223383238e-01 -7.138473175338829746e-01
1.077715150127377258e-01 -7.168362853691254699e-01
1.140142410801320977e-01 -7.198575796830100071e-01
1.203255675479962122e-01 -7.229121041000899917e-01
1.267074119073437755e-01 -7.260007244625761302e-01
1.331617593513669262e-01 -7.291243850802487936e-01
1.396906891155648422e-01 -7.322842239572505685e-01
1.462962900116268616e-01 -7.354811022507269369e-01
1.529807714466009938e-01 -7.387161885839889086e-01
1.597463886821896550e-01 -7.419905471996302015e-01
1.665954788257457408e-01 -7.453053117035586261e-01
1.735304511935693017e-01 -7.486616247413945269e-01
1.805538027244184551e-01 -7.520606941380957311e-01
1.876681360877479054e-01 -7.555038483282615625e-01
1.948760915287778284e-01 -7.589922446103871678e-01
2.021804789256050061e-01 -7.625273873925725310e-01
2.095841196986706900e-01 -7.661104901406137202e-01
2.170900147667294000e-01 -7.697431073056950623e-01
2.247012429148958212e-01 -7.734267276916421130e-01
2.324209767973616503e-01 -7.771628298693806780e-01
2.402525541787786934e-01 -7.809531077003011301e-01
2.450480011423893933e-01 -7.748345567134969913e-01
2.490633010550490356e-01 -7.665379959822202771e-01
2.530134171296767320e-01 -7.583761016276356903e-01
2.569004180438971829e-01 -7.503446933403858932e-01
2.607262323499561774e-01 -7.424395810251326333e-01
2.644927899932953408e-01 -7.346569601253712944e-01
2.682019141547647423e-01 -7.269930732422319464e-01
2.718553236266113560e-01 -7.194442118204273928e-01
2.754547427381149882e-01 -7.120069957249287596e-01
2.790017610745689214e-01 -7.046779826135303182e-01
2.824979657546522471e-01 -6.974540024894290147e-01
2.859448384513402219e-01 -6.903318801685732753e-01
2.893438718035209467e-01 -6.833087117779019781e-01
2.926964383800604308e-01 -6.763815339941944282e-01
2.960038851336939669e-01 -6.695475449257908274e-01
2.992675155235630657e-01 -6.628040488368102112e-01
3.024886189521714952e-01 -6.561485101395351238e-01
3.056683758382721661e-01 -6.495783364354842382e-01
3.088079847101681263e-01 -6.430911498029503459e-01
3.119085659824367140e-01 -6.366845702605544721e-01
3.149712420853125194e-01 -6.303563772423330658e-01
3.179970627808766381e-01 -6.241043486229072013e-01
3.209870328395557082e-01 -6.179263150205470678e-01
3.239421701166884660e-01 -6.118202654671962559e-01
3.268634553647001839e-01 -6.057842405528883756e-01
3.297517770545232985e-01 -5.998162281061647505e-01
3.326080751465815277e-01 -5.939144255806736439e-01
3.354332313491820705e-01 -5.880770296046075041e-01
3.382280692991097015e-01 -5.823022371017980703e-01
3.409934154419611008e-01 -5.765883490168275394e-01
3.437300725239977317e-01 -5.709337179638950266e-01
3.464388529302752096e-01 -5.653367988770970909e-01
3.491204566914829499e-01 -5.597959452564236216e-01
3.517756273780577314e-01 -5.543096642313269928e-01
3.544051259036989365e-01 -5.488765637008761189e-01
3.570095710035818826e-01 -5.434951015909271765e-01
3.595896984475150937e-01 -5.381639870443426510e-01
3.621461029475522841e-01 -5.328817804224900145e-01
3.646794697236328542e-01 -5.276472412748982599e-01
3.671904110295470258e-01 -5.224590800131460044e-01
3.696794990364064004e-01 -5.173160084892258759e-01
3.721473360728463353e-01 -5.122168371945731158e-01
3.745945231713428414e-01 -5.071604253019298403e-01
3.770215547320265870e-01 -5.021455369622856990e-01
3.794290318951012986e-01 -4.971711290814332940e-01
3.818174509615892553e-01 -4.922360637412574458e-01
3.841873474228016949e-01 -4.873392989093885408e-01
3.865392252586111743e-01 -4.824797931387903027e-01
3.888735570693495069e-01 -4.776565061534660539e-01
3.911908222099622634e-01 -4.728684453572883917e-01
3.934915087371460007e-01 -4.681146649144334315e-01
3.957760766196001256e-01 -4.633942194605930598e-01
3.980449578569423275e-01 -4.587061646200720211e-01
4.002985960236271068e-01 -4.540496022302329404e-01
4.025374083857739538e-01 -4.494236348990464647e-01
4.047618662479905982e-01 -4.448274546571250876e-01
4.069722962296867808e-01 -4.402601214268699881e-01
4.091691608246147971e-01 -4.357208723803176476e-01
4.113528596534352100e-01 -4.312089003626495276e-01
4.135237278460072718e-01 -4.267233559047450275e-01
4.156821599114036703e-01 -4.222634767031854808e-01
4.178285289002003355e-01 -4.178285004680901693e-01
4.199632289683661868e-01 -4.134177071215400789e-01
4.220865914983834566e-01 -4.090303345456466344e-01
4.241989698053730273e-01 -4.046656629082618917e-01
4.263006974001002369e-01 -4.003229725384785942e-01
4.283921318406858636e-01 -3.960015847364902197e-01
4.304736123170211370e-01 -3.917008202821343765e-01
4.325454153172850202e-01 -3.874199599891862689e-01
4.346078872737874077e-01 -3.831583650266319196e-01
4.366613577108857669e-01 -3.789153956076791174e-01
4.387061392969485718e-01 -3.746904112818010835e-01
4.407425279005093288e-01 -3.704827712253880301e-01
4.427708026505849936e-01 -3.662918345309515433e-01
4.447912722242853278e-01 -3.621169981263865911e-01
4.468042763860329836e-01 -3.579576952401594125e-01
4.488100470622159999e-01 -3.538132831277879808e-01
4.508088938639093213e-01 -3.496831931255295900e-01
4.528011122570196334e-01 -3.455668548998598322e-01
4.547869359231561659e-01 -3.414636608951329144e-01
4.567666312797429296e-01 -3.373730392702302683e-01
4.587405471463547602e-01 -3.332944873005926345e-01
4.607089235378463155e-01 -3.292274291929507268e-01
4.626719377022644464e-01 -3.251712543664432853e-01
4.646299970235779897e-01 -3.211255229373334297e-01
4.665832527347855696e-01 -3.170896212882497456e-01
4.685319897801891176e-01 -3.130630368358048865e-01
4.704764813211959051e-01 -3.090452542524656510e-01
4.724169887291655434e-01 -3.050357556529499914e-01
4.743537112548943946e-01 -3.010339888425835331e-01
4.762869365055004689e-01 -2.970394641088815457e-01
4.782168904736565085e-01 -2.930516570146122768e-01
4.801438894871051799e-01 -2.890701027936762868e-01
4.820680860916289334e-01 -2.850942408096369118e-01
4.839897746904336939e-01 -2.811236003848161524e-01
4.859091362165299244e-01 -2.771576472590905893e-01
4.878264958020495645e-01 -2.731959334329314149e-01
4.897420650401888009e-01 -2.692379476371188352e-01
4.916560445782774402e-01 -2.652831761810211519e-01
4.935687294576330264e-01 -2.613311588999265300e-01
4.954802997009032373e-01 -2.573813752701018531e-01
4.973910305287667089e-01 -2.534333569429249589e-01
4.993011345047282390e-01 -2.494866038054121271e-01
5.012108674796873498e-01 -2.455406386558711407e-01
5.031204758464929983e-01 -2.415949794466067946e-01
5.050301425407769385e-01 -2.376491140398224733e-01
5.069401483757067783e-01 -2.337025773267325246e-01
5.088507109829705222e-01 -2.297548735354095761e-01
5.107620927919233056e-01 -2.258055266906518477e-01
5.126744925020941812e-01 -2.218540312632374945e-01
5.145881538426834156e-01 -2.178999009282974464e-01
5.165033664194057517e-01 -2.139426665455313736e-01
5.184203007772032468e-01 -2.099818069894917871e-01
5.203392282136179992e-01 -2.060168413763049933e-01
5.222603556635694311e-01 -2.020472603283742230e-01
5.241839920144087950e-01 -1.980725914830240575e-01
5.261103259774936314e-01 -1.940923127170270934e-01
5.280396486574857606e-01 -1.901059374128464263e-01
5.299721300891732101e-01 -1.861129311844374190e-01
5.319080995105686105e-01 -1.821128129455044375e-01
5.338477082876947888e-01 -1.781050352126810621e-01
5.357913243493791500e-01 -1.740891198097846426e-01
5.377390803282980913e-01 -1.700645053070377055e-01
5.396913263171323472e-01 -1.660306962643823270e-01
5.416482898810121016e-01 -1.619871519454304520e-01
5.436102462367035093e-01 -1.579333407967133118e-01
5.455774040238473566e-01 -1.538687059644053001e-01
5.475500769814531932e-01 -1.497927148510824480e-01
5.495285121873041412e-01 -1.457048088970689936e-01
5.515129469928520267e-01 -1.416044207812239830e-01
5.535037245472700373e-01 -1.374910032845304830e-01
5.555011208669190514e-01 -1.333639831269771703e-01
5.575053440598617405e-01 -1.292227633589051738e-01
5.595167081128233910e-01 -1.250667647755431267e-01
5.615355171917171262e-01 -1.208953963906314599e-01
5.635620654075729208e-01 -1.167080555598534880e-01
5.655966365838096532e-01 -1.125041281079225408e-01
5.676395625737811201e-01 -1.082829996281047119e-01
5.696911061908532803e-01 -1.040440318984470064e-01
5.717515779665364173e-01 -9.978658581289394369e-02
5.738212775211746219e-01 -9.551000942947759920e-02
5.759006110439848225e-01 -9.121365675815483465e-02
5.779898559782592482e-01 -8.689684783156237380e-02
5.800892780324362619e-01 -8.255889027047258466e-02
5.821993081456957597e-01 -7.819910324007085800e-02
5.843201883324040669e-01 -7.381676582064189418e-02
5.867649158906056428e-01 -6.944816363433993500e-02
5.970120600495720797e-01 -6.591070344970417771e-02
2.251496647533061335e+00 -2.306837822431519469e-01
2.259759740569823094e+00 -2.136100284683548067e-01
2.268071507710370582e+00 -1.964361210654168022e-01
2.276433129169684655e+00 -1.791590113523057193e-01
2.284846207303870447e+00 -1.617756252943271522e-01
2.293312290707905543e+00 -1.442828155936402568e-01
2.301832634616926665e+00 -1.266773493038437226e-01
2.310409389666007396e+00 -1.089559740760975975e-01
2.319043696252899966e+00 -9.111530663353241410e-02
2.327737587667155328e+00 -7.315193088088570161e-02
2.336492321294763919e+00 -5.506232196974401166e-02
2.345310044854687526e+00 -3.684290142477340130e-02
2.354192364887643496e+00 -1.848998932825479322e-02
2.363141059875481620e+00 1.760677292850230746e-07
2.372158078446506391e+00 1.863144678350555153e-02
2.381245298982261449e+00 3.740776977880676951e-02
2.390404527588382955e+00 5.633318596966029740e-02
2.399637972679444342e+00 7.541184419022285701e-02
2.408947765843315381e+00 9.464800013702831527e-02
2.418335959555860892e+00 1.140460152760290891e-01
2.427804524909335182e+00 1.336103557125482288e-01
2.437355825251221297e+00 1.533456209651909152e-01
2.446992137046029470e+00 1.732565277680863103e-01
1.971881127092532715e+00 1.551905662160655563e-01
1.944552800323545494e+00 1.684166791621047876e-01
1.917935831762955567e+00 1.812984680921133074e-01
1.891999718063252622e+00 1.938507405160241615e-01
1.866715553578334186e+00 2.060874672397063068e-01
1.842056161360587252e+00 2.180218645820807544e-01
1.817995748763835850e+00 2.296664225352683664e-01
1.794509681627410647e+00 2.410329321692340210e-01
1.771574966702541998e+00 2.521326027862477726e-01
1.749169786550552663e+00 2.629760596273259532e-01
1.727273153974665298e+00 2.735733380356324407e-01
1.705865508686567722e+00 2.839340176207273414e-01
1.684927899169792020e+00 2.940671382516592547e-01
1.664442694544292722e+00 3.039813557395905086e-01
1.644392884416900236e+00 3.136848626911070692e-01
1.624762319221311424e+00 3.231854622835212965e-01
1.605535714203064179e+00 3.324906047603883863e-01
1.586698186377392572e+00 3.416073235673164898e-01
1.568236075154163300e+00 3.505424355763904209e-01
1.550135895707269285e+00 3.593023490361644812e-01
1.532385041495182731e+00 3.678932396302070917e-01
1.514971321627668344e+00 3.763209719876022263e-01
1.497883080189422733e+00 3.845911475671832114e-01
1.481109313708422359e+00 3.927091580003301274e-01
1.464639326683124354e+00 4.006801180202111956e-01
1.448462964639661621e+00 4.085089438919300431e-01
1.432570614816295107e+00 4.162003761528332291e-01
1.416952863673785812e+00 4.237588998415836028e-01
1.401600842395093860e+00 4.311888588622813101e-01
1.386505771520881058e+00 4.384943348492849058e-01
1.371659759030106729e+00 4.456794097807474930e-01
1.357054663613390666e+00 4.527478246417286356e-01
1.342683005163957999e+00 4.597032797322726516e-01
1.328537398562961158e+00 4.665492641078288760e-01
1.314611005694583890e+00 4.732892218462164124e-01
1.300897084923132052e+00 4.799264093832799616e-01
1.287565520007467823e+00 4.865306038879657069e-01
1.279567110016971210e+00 4.950273185876569171e-01
1.286505530145213738e+00 5.093637126528754999e-01
1.293563518175734783e+00 5.239473086177293126e-01
1.300745339298048142e+00 5.387865051173210684e-01
1.308054841413829772e+00 5.538898175369079135e-01
1.315496657721457963e+00 5.692663867874301342e-01
1.323075313225155814e+00 5.849256288795550152e-01
1.330795435195875509e+00 6.008773335564856488e-01
1.338662175441069691e+00 6.171318728385121188e-01
1.346680652068839246e+00 6.336999729054928476e-01
1.354856369827864837e+00 6.505929246215718109e-01
1.363194988186553491e+00 6.678224994230446132e-01
1.371702520418320193e+00 6.854010678899206122e-01
1.380385208652456397e+00 7.033415656946300221e-01
1.389249612554903424e+00 7.216575640601655683e-01
1.398302694988829531e+00 7.403633448339940193e-01
1.407551589789565627e+00 7.594738102756536380e-01
1.417004001104565480e+00 7.790047270741919938e-01
1.426667863373058953e+00 7.989725818908082200e-01
1.436551630122769874e+00 8.193947760008485348e-01
1.446664141561127881e+00 8.402895945833972480e-01
1.457014596866504696e+00 8.616762312120896938e-01
1.467613036479917810e+00 8.835751191854704922e-01
1.478469792756124557e+00 9.060076633915922217e-01
1.489595662344260552e+00 9.289963889574250899e-01
1.501002273280725552e+00 9.525652265247953610e-01
1.512701938448998140e+00 9.767394923665265738e-01
1.524707510964166790e+00 1.001545862776586970e+00
1.537032638104811610e+00 1.027012607713965631e+00
1.549692004905127041e+00 1.053169837484093430e+00
1.562700880575845774e+00 1.080049287734641705e+00
1.576075651652557807e+00 1.107684770123899209e+00
1.589833752670592792e+00 1.136112233503911328e+00
1.603993595274786355e+00 1.165369823572732111e+00
1.618574783458381461e+00 1.195498153440361255e+00
1.612007063509486526e+00 1.210329410638935066e+00
1.596038049356475641e+00 1.218058004933681548e+00
1.580195352064656777e+00 1.225725432689493521e+00
1.564475502726734080e+00 1.233333316107811717e+00
1.548875316482707376e+00 1.240883395965189706e+00
1.533391330974247069e+00 1.248377091444241360e+00
1.518020551846887889e+00 1.255816097546646359e+00
1.502759800925678180e+00 1.263201866669506623e+00
1.487605995852347096e+00 1.270535834056914615e+00
1.472556238813619522e+00 1.277819499931644343e+00
1.457607543797041050e+00 1.285054200471019259e+00
1.442757107655940008e+00 1.292241343270834619e+00
1.428002217271534313e+00 1.299382334498024205e+00
1.413339985263305731e+00 1.306478339940071010e+00
1.398767879196754382e+00 1.313530768110805491e+00
1.384283278956375041e+00 1.320540872879806704e+00
1.369883652508428140e+00 1.327509916287640923e+00
1.355566384073421116e+00 1.334439004978325238e+00
1.341329115887581969e+00 1.341329424360994560e+00
1.327169405051487727e+00 1.348182309069868134e+00
1.313084893968890166e+00 1.354998811151458371e+00
1.299073225904283868e+00 1.361780017366351458e+00
1.285132127745890918e+00 1.368527036367154004e+00
1.271363874606282307e+00 1.375354013838384626e+00
1.257556128022412345e+00 1.382036465436191630e+00
1.243812452107233124e+00 1.388688030777550653e+00
1.230130573694823815e+00 1.395309578916000381e+00
1.216508536798008189e+00 1.401902277886641679e+00
1.202944147547464704e+00 1.408466972710321619e+00
1.189435522721703942e+00 1.415004815195225918e+00
1.175980544470173861e+00 1.421516633255678563e+00
1.162577248303240829e+00 1.428003384314926238e+00
1.149223742228197676e+00 1.434466068416457407e+00
1.135918056337665405e+00 1.440905544064647659e+00
1.122658439561146526e+00 1.447322902232972108e+00
1.109442843127951051e+00 1.453718811760792873e+00
1.096269508812863336e+00 1.460094270713135467e+00
1.083136600679121431e+00 1.466450138387384028e+00
1.070042419767771369e+00 1.472787421917659989e+00
1.056985050697990758e+00 1.479106796912825095e+00
1.043962785057996001e+00 1.485409184526153448e+00
1.030973839554251592e+00 1.491695367413137907e+00
1.018016561542015364e+00 1.497966282894797052e+00
1.005089223265766440e+00 1.504222730925505402e+00
9.921900918179662465e-01 1.510465471123159098e+00
9.793175591141712877e-01 1.516695423112415009e+00
7.464938343669067500e-01 1.176286390426232176e+00
7.353568516729712679e-01 1.179105700067006657e+00
7.254845467144487303e-01 1.183883519384872907e+00
7.156276589008133682e-01 1.188653918913155749e+00
7.057849818627861538e-01 1.193417577651764372e+00
6.959551204576033268e-01 1.198174839380313550e+00
6.861369758392510398e-01 1.202926533959617794e+00
6.763292595982416389e-01 1.207673156884316423e+00
6.665307935093853775e-01 1.212415384587009148e+00
6.567402753092482781e-01 1.217153659265470145e+00
6.469565662193677014e-01 1.221888711106611902e+00
6.371784041752442951e-01 1.226621035876199972e+00
6.274045748372349962e-01 1.231351209100779664e+00
6.176339078059662757e-01 1.236079888128020610e+00
6.078652203437140411e-01 1.240807707040225027e+00
5.980972145003263796e-01 1.245535061559933876e+00
5.883287904428950998e-01 1.250262752046374937e+00
5.785586306139314239e-01 1.254991125299312449e+00
5.687856585483247462e-01 1.259721044324487504e+00
5.590085358870418020e-01 1.264452807564832915e+00
5.492261575093499992e-01 1.269187233217608402e+00
5.394372120693736727e-01 1.273924680474457949e+00
5.296406101000153965e-01 1.278666033158136095e+00
5.198350151980609679e-01 1.283411603625434605e+00
5.100192609454685666e-01 1.288162121200949306e+00
5.001921187911214650e-01 1.292918183043788583e+00
4.903523448342539393e-01 1.297680363657770508e+00
4.804986801285995313e-01 1.302449214631765217e+00
4.706298913709039411e-01 1.307225376545305018e+00
4.607447273030784163e-01 1.312009467809055030e+00
4.508419190028889467e-01 1.316802084346515800e+00
4.409202179062725047e-01 1.321603912360982180e+00
4.309783179854383417e-01 1.326415502738425234e+00
4.210149323807505506e-01 1.331237496561410660e+00
4.110287541890944585e-01 1.336070512258813014e+00
3.986848250864857834e-01 1.333112008004782023e+00
3.702131753253332103e-01 1.274282777799622179e+00
3.442618762110398190e-01 1.220661197860572367e+00
3.205076441416337407e-01 1.171579280226645592e+00
2.986802158487176784e-01 1.126478594087253260e+00
2.785519087753700052e-01 1.084888698308966726e+00
2.599295633070281553e-01 1.046410512402982551e+00
2.426481660093936232e-01 1.010702988252546453e+00
2.265660440602447756e-01 9.774735004460773924e-01
2.115607300920218925e-01 9.464689399905534817e-01
1.975259051387210085e-01 9.174696329048375176e-01
1.843688004210235210e-01 8.902839125193988679e-01
1.720080884935347443e-01 8.647437131368305163e-01
1.603722047707716591e-01 8.407012044468212819e-01
1.493978900036036783e-01 8.180256633215473583e-01
1.390290311109408095e-01 7.966011190016569765e-01
1.292156975637754612e-01 7.763244309286654321e-01
1.199132923706666409e-01 7.571034534772037583e-01
1.110818562002867799e-01 7.388555859800415293e-01
1.026855025696409851e-01 7.215067139094817339e-01
9.469189045963152807e-02 7.049900147096171965e-01
8.707179353097464769e-02 6.892450428674984364e-01
7.979877106327842862e-02 6.742172754400156398e-01
7.284878404702632704e-02 6.598569373977458685e-01
6.619997797960365526e-02 6.461188821185182007e-01
5.983243370685485674e-02 6.329620509016712360e-01
5.431773072503908589e-02 6.271586548520186044e-01
4.921986067312135449e-02 6.253988375174147629e-01
4.424381437436700898e-02 6.248804630657592840e-01
3.945972178497817590e-02 6.271958410397392436e-01
3.464482081575079309e-02 6.295260935766902044e-01
2.979821746873581936e-02 6.318717305781134108e-01
2.491898995838170636e-02 6.342331270383865238e-01
2.000620109181515394e-02 6.366107606939246377e-01
1.505889100390787189e-02 6.390050925653160130e-01
1.007607832156265197e-02 6.414166260734407432e-01
5.056757590934616610e-03 6.438458469858062694e-01
-1.004792713193275032e-07 6.462932229041975507e-01
-5.095549234350941863e-03 6.487592623580896722e-01
-1.023066815425660581e-02 6.512445142707483647e-01
-1.540656211660311296e-02 6.537494481971726223e-01
-2.062436626756091948e-02 6.562746921160158564e-01
-2.588524573280770458e-02 6.588208529722379136e-01
-3.119038689477201740e-02 6.613883374218737510e-01
-3.654101954763658289e-02 6.639778871855976927e-01
-4.193839691932864377e-02 6.665900423166749578e-01
-4.738381358691350076e-02 6.692254976659541832e-01
-5.287858875569358130e-02 6.718848046299908949e-01
-5.842408694966277211e-02 6.745686677188256208e-01
-6.402170220262594358e-02 6.772777059104809760e-01
-6.967287964344953677e-02 6.800126893005122852e-01
-7.537910246190256125e-02 6.827743599095783544e-01
-8.114188448441145285e-02 6.855633716722011606e-01
-8.696279730071314329e-02 6.883805264453030093e-01
-9.284345298248664058e-02 6.912265951061828950e-01
-9.878551201390044223e-02 6.941023756868326400e-01
-1.047906851254860744e-01 6.970086921655311851e-01
-1.108607351055923979e-01 6.999463932102869546e-01
-1.169974883748078481e-01 7.029164096702446018e-01
-1.232028083138421576e-01 7.059195766792599747e-01
-1.294786352219732817e-01 7.089568675829823752e-01
-1.358269703001906414e-01 7.120292745727018202e-01
-1.422498773299529784e-01 7.151378071575162920e-01
-1.487494601493643265e-01 7.182833738583478400e-01
-1.553279475096119577e-01 7.214671894429344201e-01
-1.619875890914087568e-01 7.246902473034906311e-01
-1.687307421238520011e-01 7.279537261761241940e-01
-1.755598380112841916e-01 7.312588129393113867e-01
-1.824773838111270197e-01 7.346067007473883193e-01
-1.894859785000259089e-01 7.379986448535793553e-01
-1.965883166461229736e-01 7.414359600680050510e-01
-2.037871763026802008e-01 7.449199606288789965e-01
-2.110854688594929196e-01 7.484521301988273922e-01
-2.184861639226745311e-01 7.520338315985004574e-01
-2.259923714194634614e-01 7.556665913689918357e-01
-2.336073319743472987e-01 7.593520385067933365e-01
-2.413343505938195521e-01 7.630916733483150693e-01
-2.491769037630455486e-01 7.668872066162687462e-01
-2.571386116294988033e-01 7.707404409368457943e-01
-2.652232047488861655e-01 7.746531539111340958e-01
-2.734345644359609251e-01 7.786272078397070695e-01
-2.817767279767189326e-01 7.826645453707354871e-01
-2.902539143819168888e-01 7.867672409330364047e-01
-2.946345957741923760e-01 7.797274222801011678e-01
-2.985356250145628776e-01 7.716670589363789912e-01
-3.023798524070505644e-01 7.637239376154510984e-01
-3.061690147795798622e-01 7.558946658296906707e-01
-3.099047132180671182e-01 7.481757898612982904e-01
-3.135885505669506745e-01 7.405641271980096807e-01
-3.172220240880036513e-01 7.330564906545568027e-01
-3.208065979837219084e-01 7.256498539811161441e-01
-3.243437100616995417e-01 7.183413510567574489e-01
-3.278347284547895590e-01 7.111281666665538737e-01
-3.312809285884615873e-01 7.040074834260392489e-01
-3.346835966227082459e-01 6.969766985103484913e-01
-3.380440119186844394e-01 6.900333678411794125e-01
-3.413632937086696351e-01 6.831748847198164665e-01
-3.446426385712541562e-01 6.763989625202366796e-01
-3.478831683410559816e-01 6.697033125500950757e-01
-3.510859303115085872e-01 6.630856454982037018e-01
-3.542519823710060800e-01 6.565438302444199792e-01
-3.573823419875030161e-01 6.500757874739440112e-01
-3.604779593476559185e-01 6.436794378712845655e-01
-3.635398357026001781e-01 6.373529105152723195e-01
-3.665688520973540143e-01 6.310942302546832527e-01
-3.695659172235430390e-01 6.249015777557396234e-01
-3.725319122034747021e-01 6.187731849932113226e-01
-3.754676305063575636e-01 6.127072335107038858e-01
-3.783739338654200091e-01 6.067021096091238519e-01
-3.812516007502591564e-01 6.007561488401153005e-01
-3.841014215662881814e-01 5.948677884674218319e-01
-3.869241046141274065e-01 5.890354164638026413e-01
-3.897204398958382665e-01 5.832576215404785547e-01
-3.924910390763149959e-01 5.775327944980226391e-01
-3.952367006901891799e-01 5.718596737236781857e-01
-3.979580125558514481e-01 5.662367515931515660e-01
-4.006556888908366365e-01 5.606627669267540970e-01
-4.033302997617446151e-01 5.551363132655474653e-01
-4.059825488568577501e-01 5.496562273108102081e-01
-4.086129609968954246e-01 5.442211537686830747e-01
-4.112221640756818508e-01 5.388299307273959338e-01
-4.138107140362393133e-01 5.334813492447257888e-01
-4.163792038675791507e-01 5.281742958760139439e-01
-4.189281183708268852e-01 5.229075643786592620e-01
-4.214580564418111686e-01 5.176801366172734120e-01
-4.239695105387987772e-01 5.124909017459785554e-01
-4.264629782535704350e-01 5.073387966470974675e-01
-4.289389642604116704e-01 5.022228050331294380e-01
-4.313979431736321701e-01 4.971419114849420229e-01
-4.338404385153105114e-01 4.920951914245050296e-01
-4.362668672872986320e-01 4.870816309582637338e-01
-4.386776970557756949e-01 4.821003068474664088e-01
-4.410733686393615849e-01 4.771502963494543281e-01
-4.434542962247504660e-01 4.722306777038156600e-01
-4.458209497739408222e-01 4.673406168720878329e-01
-4.481737340898836464e-01 4.624792363629361414e-01
-4.505130290425271578e-01 4.576456597692379336e-01
-4.528392739805669476e-01 4.528390965108566313e-01
-4.551528437235651814e-01 4.480587135143535016e-01
-4.574541326126618790e-01 4.433037202388662168e-01
-4.597435131157260324e-01 4.385733262624028628e-01
-4.620213359178521606e-01 4.338667416697290502e-01
-4.642880175556045041e-01 4.291832583574539672e-01
-4.665438673411485548e-01 4.245220865088601969e-01
-4.687893062740527417e-01 4.198825572363826808e-01
-4.710246035575527124e-01 4.152638812084368802e-01
-4.732501421207685466e-01 4.106653886281548815e-01
-4.754662420281165480e-01 4.060863694463805462e-01
-4.776732502634813970e-01 4.015261521542356493e-01
-4.798714963801282707e-01 3.969840643152630077e-01
-4.820612925540359028e-01 3.924594328633861373e-01
-4.842429801587592730e-01 3.879516216668023043e-01
-4.864167908578912458e-01 3.834599192879882268e-01
-4.885831263399575963e-01 3.789837621347307839e-01
-4.907422798324904689e-01 3.745225103879501471e-01
-4.928944809281350370e-01 3.700754877454333069e-01
-4.950401339577800708e-01 3.656421606281900494e-01
-4.971794378358858069e-01 3.612218506376094207e-01
-4.993126715230515877e-01 3.568139502806292329e-01
-5.014402455876086906e-01 3.524179537083996228e-01
-5.035623139882029475e-01 3.480331800850465784e-01
-5.056792603818158760e-01 3.436591184463033133e-01
-5.077913082883726004e-01 3.392951533587021951e-01
-5.098987164357154933e-01 3.349407018474523934e-01
-5.120018301561809482e-01 3.305952440048150476e-01
-5.141008322992079993e-01 3.262581595752722108e-01
-5.161960429019650798e-01 3.219289233247541460e-01
-5.182877704726984724e-01 3.176070058730240397e-01
-5.203762098260569235e-01 3.132918123834924629e-01
-5.224616448675439839e-01 3.089828081245785674e-01
-5.245442963697569683e-01 3.046794248329602883e-01
-5.266245278738505009e-01 3.003811810449207309e-01
-5.287025891260133115e-01 2.960875305573363314e-01
-5.307786137179253405e-01 2.917978666612871530e-01
-5.328529840166635889e-01 2.875117245553047152e-01
-5.349259153142322809e-01 2.832285481093679280e-01
-5.369977169213381307e-01 2.789478335891488747e-01
-5.390685287530556646e-01 2.746689903705663016e-01
-5.411386913201094995e-01 2.703915338463083184e-01
-5.432084287430216651e-01 2.661149198934353866e-01
-5.452780615251653362e-01 2.618386524186078756e-01
-5.473477388632558283e-01 2.575621523997360107e-01
-5.494178144850687673e-01 2.532849390604207662e-01
-5.514884702660480809e-01 2.490064498331578946e-01
-5.535599858046416077e-01 2.447261673917410785e-01
-5.556326308612966614e-01 2.404435681825801974e-01
-5.577066652608766439e-01 2.361581225597540468e-01
-5.597823387966806008e-01 2.318692949213715104e-01
-5.618599463810441952e-01 2.275765662237220766e-01
-5.639396625658000817e-01 2.232793661215429215e-01
-5.660217620693001050e-01 2.189771634779397180e-01
-5.681065656362868088e-01 2.146694410780194129e-01
-5.701943288933978282e-01 2.103556523053922989e-01
-5.722852974733944054e-01 2.060352436503215257e-01
-5.743797068959471952e-01 2.017076548430989102e-01
-5.764778952321346628e-01 1.973723576030723681e-01
-5.785800783233631117e-01 1.930287758866328918e-01
-5.806865181951761379e-01 1.886763457053989845e-01
-5.827975236587118468e-01 1.843145130379589269e-01
-5.849133369217973666e-01 1.799426966743148670e-01
-5.870343040461084572e-01 1.755603418128984516e-01
-5.891605899374146027e-01 1.711668325603680485e-01
-5.912926351347753684e-01 1.667616282326944699e-01
-5.934305839167126617e-01 1.623440949490544960e-01
-5.955747995012918850e-01 1.579136545203277120e-01
-5.977255199156664700e-01 1.534696866066105614e-01
-5.998831458404607631e-01 1.490116052220284981e-01
-6.020478364013717165e-01 1.445387546539446955e-01
-6.042200293308929160e-01 1.400505398230162957e-01
-6.063999199123411010e-01 1.355462980067623779e-01
-6.085879248205277037e-01 1.310254084632039295e-01
-6.107842753289196569e-01 1.264871988145514214e-01
-6.129893663627583589e-01 1.219310218248629424e-01
-6.152034063520369633e-01 1.173561816476375724e-01
-6.174268847180006681e-01 1.127620265324515009e-01
-6.196599865663753315e-01 1.081478349859881088e-01
-6.219031783056927498e-01 1.035129253028697766e-01
-6.241567383671688951e-01 9.885656958722839616e-02
-6.264209915329624900e-01 9.417803628015007644e-02
-6.286963680262572796e-01 8.947659640570436446e-02
-6.309831675626894620e-01 8.475148735782768450e-02
-6.332817949195581608e-01 8.000194758159935582e-02
-6.355926418316076854e-01 7.522719808753444704e-02
-6.379160866302623356e-01 7.042644262006607370e-02
-6.402524938847629077e-01 6.559886783178373038e-02
-6.426022733854054314e-01 6.074364907268656188e-02
-6.449658799998447822e-01 5.585994824475108006e-02
-6.473436352138808303e-01 5.094689762789538640e-02
-6.497360236377106579e-01 4.600362578826607679e-02
-6.521435146650472747e-01 4.102923954767738468e-02
-6.545664429880222457e-01 3.602281763532898945e-02
-6.570053651356094759e-01 3.098343241911741264e-02
-6.594607021481415643e-01 2.591012673175015213e-02
-6.619329176156184547e-01 2.080192438648685929e-02
-6.644225172961809589e-01 1.565782806876926322e-02
-6.669299890849269552e-01 1.047681629755306369e-02
-6.694558025001586810e-01 5.257843670252255498e-03
-6.720005273818782099e-01 -1.588840360763760146e-07
